-7.134,-1.335,3
7.2245,-4.3829,4
-1.6947,-4.1244,10
6.3837,5.4386,5
-0.83564,-16.691,6
4.9146,-3.673,4
-4.3495,4.3523,3
3.1942,-1.8882,2
1.5255,-2.9028,2
-3.6942,-3.4361,10
4.9559,5.1701,1
-3.4354,4.5991,3
-3.5064,-11.12,6
2.0856,-8.981,2
-6.903,-1.7399,3
-3.036,8.3081,12
-4.2326,9.3985,9
-2.3932,-6.6979,10
6.4026,0.61755,5
2.7015,-4.0284,8
2.2482,-3.3793,2
-6.0779,10.369,9
-3.6958,5.4755,12
1.5367,-3.4042,2
-0.02717,-0.98517,7
-7.5281,3.1687,3
2.2886,-5.3387,2
0.54183,-2.482,12
9.6308,-11.308,8
-6.916,11.977,9
0.62464,4.2163,12
-1.3371,4.4887,3
-4.606,-8.8978,6
5.969,-1.2733,4
2.8632,4.7046,1
1.1272,-3.7981,2
6.0981,-1.3149,5
-8.6276,-0.39252,3
0.092234,5.8713,11
10.123,2.2281,1
2.8011,0.50091,7
-0.77128,5.1497,9
-6.1412,7.4101,9
11.895,-5.6627,4
-2.6444,-6.3501,10
-3.6563,-1.2984,10
9.2121,-4.3091,4
10.467,4.1722,5
-2.1232,11.096,11
5.6658,2.9501,1
3.4537,5.037,1
4.6614,3.1927,7
1.3769,2.4909,7
2.788,7.1829,11
0.48267,-3.5348,2
2.9026,-3.1322,2
1.7642,3.469,12
-3.1091,7.4224,11
-3.2333,-5.4897,10
1.8877,10.68,11
6.3815,-0.35533,5
10.114,1.2148,5
-2.1873,-3.2804,12
2.5745,1.0791,7
2.1684,-2.6742,2
8.9797,-2.07,4
-1.8704,10.602,9
7.7414,4.587,5
-3.2856,-6.4016,10
-6.6289,-2.5677,6
-3.0344,-10.285,10
-5.1242,-8.4618,6
-7.4835,6.8648,9
-3.116,-6.0799,10
-3.5655,-1.067,12
9.9777,-6.2171,8
-2.1742,9.0983,12
-5.4658,3.6462,12
-0.3165,-5.9683,10
5.841,4.5079,1
2.4702,-8.5375,8
-3.114,2.7281,12
1.5249,5.882,12
7.8394,1.9359,4
8.6028,-6.2568,4
-7.472,6.2951,9
-6.214,-5.5785,6
-6.5189,-0.32436,3
5.6023,-7.7118,8
5.2629,7.65,9
11.774,4.5733,5
-5.3677,5.0267,12
5.1271,-2.9844,2
-1.7338,-4.4239,10
5.9049,3.781,5
3.8143,1.6434,1
1.6171,3.8601,1
-4.0214,-7.072,6
-4.3136,10.877,9
1.8271,-9.03,2
1.395,6.747,1
7.2875,3.6163,5
2.3766,2.9044,12
-7.0724,8.2848,9
-3.6455,-3.8667,10
-2.6218,-2.3534,3
-5.948,-8.7569,6
9.2749,-1.3578,4
-0.51702,8.5764,11
-1.4484,-1.6661,10
5.8573,-8.3315,8
-1.9288,-1.7415,10
0.44051,-0.13243,7
-8.1738,-7.1293,6
9.8138,4.1899,5
-3.482,-2.4611,7
-2.6464,-4.8823,10
7.7708,-2.8543,4
7.8861,-3.8146,4
8.4609,-6.1343,8
0.47924,2.5947,12
5.0317,6.805,11
11.755,-4.9309,4
-2.8954,-11.13,6
8.6379,2.5816,5
2.8706,5.3155,1
9.4859,1.5749,5
-2.224,-4.1587,10
7.51,-2.2361,4
2.2798,-4.0386,2
4.229,-2.2298,2
5.313,-5.4894,8
-6.797,9.3153,9
-5.2685,-3.5431,3
-1.095,-7.213,10
-2.0344,3.8973,3
-0.46289,-2.2173,10
-5.5365,-8.6167,6
1.1687,9.4897,11
6.5964,4.8898,1
2.5127,2.9564,7
-8.4573,-2.7592,6
3.7717,3.9989,12
1.402,8.5805,11
3.9554,3.8436,1
2.0032,-7.1415,10
-1.5915,-9.4497,10
-7.1209,-3.922,10
7.3984,-0.44237,8
0.35234,-0.22328,12
5.2055,9.1244,11
-2.381,6.6965,9
5.6708,-10.091,8
-3.4224,-3.8294,10
4.9518,-7.0938,2
-7.7156,-8.4559,6
-0.67762,5.8037,12
-1.4918,6.7888,11
3.5221,5.855,1
2.8478,7.1593,11
-8.6171,-3.9404,10
5.8129,1.3673,5
15.21,-4.6931,4
-0.80256,-9.2086,6
7.3638,-3.0661,4
6.4357,1.7007,5
11.595,3.6015,5
7.0003,-5.1495,4
-4.4473,-13.267,6
0.37969,4.4291,12
-1.4562,-2.2201,12
7.7879,-1.1476,4
-2.6755,-3.8545,10
1.0961,-0.594,12
2.8272,-7.2619,2
2.3078,-4.5683,7
-4.3234,-3.5935,6
10.209,-4.5554,8
-7.3321,-8.0546,6
2.0776,-3.8526,2
-3.2517,-6.3007,6
-4.3248,4.1464,12
3.94,3.2135,12
8.7203,-4.0089,4
7.9431,-1.3142,5
8.3308,0.50483,5
-8.2362,1.4554,3
7.6088,5.4774,1
2.3345,-4.5942,2
-3.9837,6.3021,3
2.821,-1.9473,7
6.1147,6.4522,1
-5.3055,-5.1794,6
4.4786,-4.286,8
-2.871,7.4973,12
1.2824,-0.099781,7
-0.69298,0.038953,3
3.8828,-3.5224,2
-1.3108,-14.163,6
-1.2171,5.9636,11
-5.7534,-6.6985,6
-3.2326,-4.9191,10
-5.5475,-9.5741,6
8.9033,-6.5218,4
3.6213,6.0256,11
0.16686,-1.3911,2
-5.7591,-6.5971,6
0.11157,10.454,3
7.4782,-5.888,4
1.2591,-3.142,10
4.3511,-10.08,8
-3.8772,8.1096,9
-3.7111,-12.19,6
0.011678,-7.291,10
3.6377,-7.1336,8
0.88986,-0.43861,2
4.058,3.7693,1
8.2831,5.7683,1
7.2932,3.5732,5
0.25065,1.7286,7
-2.7871,6.9943,12
-6.9552,7.9673,9
11.044,-6.9644,8
-3.7447,7.9168,9
2.1609,-2.9139,2
0.23308,6.7311,12
1.3824,10.549,11
-2.1363,8.1154,11
-10.125,8.6634,9
3.5904,1.8438,7
3.7653,7.172,1
-3.9862,1.525,3
6.2915,-4.5718,2
8.6025,-5.5253,8
-4.5575,8.6436,9
5.9666,4.4431,5
8.6804,-2.2915,4
3.0426,-10.257,8
-1.5342,-5.0675,10
-2.1375,-3.4801,10
0.38635,-8.1698,10
-0.90033,5.5837,9
-7.0647,10.293,9
8.2364,-0.76133,4
-2.3631,1.3743,3
8.3798,-5.3455,8
-3.0887,3.526,3
2.6085,-7.832,8
11.783,-3.1546,4
-1.3378,-8.0733,6
5.8031,2.496,5
-3.92,-9.1146,6
3.7173,-2.1255,7
5.2907,4.3924,7
-6.0363,7.1229,12
-5.0584,-7.7078,10
4.2261,-4.231,8
1.7863,1.2628,12
-1.6293,3.6124,11
7.8447,-6.0611,8
-2.1235,1.6397,12
2.9367,2.3124,12
12.516,-6.2163,4
0.13603,6.9312,11
-8.2285,11.083,12
-5.6646,-7.1687,6
-0.46787,2.982,1
2.8587,-0.015976,7
1.8519,-8.3998,10
2.7485,-0.17397,7
0.26546,7.3792,11
-0.52766,-7.53,2
-1.3693,-8.1625,10
-0.43364,8.3692,11
2.9904,7.6512,11
-8.0019,10.541,9
-4.0951,10.107,12
8.123,-4.646,8
2.7785,-7.5722,10
3.0139,-3.2643,4
-4.2908,-3.2601,10
-4.9122,1.5246,3
-1.144,6.5623,12
0.88596,-2.6164,4
-0.089948,2.7217,3
-3.72,-4.0747,10
-3.7302,-5.0146,10
-3.4462,-8.8766,10
3.3411,-2.4437,2
2.8629,-9.0781,8
-1.4964,-2.7171,7
8.4249,-5.5091,4
7.585,1.0876,5
8.5271,2.5177,5
-0.38388,-2.2201,10
-0.01747,-4.0383,2
-2.2332,5.8085,3
0.92681,0.14375,7
8.4091,-2.8686,2
-6.2565,10.645,9
11.094,2.8798,5
-6.557,4.5646,3
2.2838,-6.508,2
5.72,-3.0332,4
6.9936,-2.2588,4
8.0363,1.0036,5
7.2422,-0.45387,4
-9.2684,8.1113,9
2.2927,1.485,7
6.0381,-9.0053,8
10.955,1.5157,4
2.7416,1.8112,7
4.1444,-1.6996,4
-1.9372,4.8951,12
-4.1039,6.7522,12
-2.4152,0.1287,7
11.276,-2.9783,4
-7.6542,7.239,9
4.7744,-4.8798,2
1.931,11.175,9
-4.7368,-3.0108,10
-0.45765,-8.9616,6
6.3626,2.9956,5
-4.2578,9.1339,9
-6.655,-8.8947,6
-5.208,-11.377,6
-4.2631,-13.453,6
-1.805,-3.5918,10
-5.7827,-7.438,6
-2.7498,-1.7219,10
-2.8143,11.999,9
-0.52782,-3.7375,2
7.7561,-1.1833,4
3.8679,7.041,1
6.4408,-6.8818,4
-2.9144,4.868,12
7.3144,-3.2024,5
9.3555,-2.5746,4
11.238,-8.2303,4
6.9919,-3.4704,4
-4.9928,-9.8565,6
-7.6366,9.3264,9
-1.5872,-4.9733,10
-4.5397,11.079,9
-3.217,-6.8534,10
-1.6054,6.2545,11
12.383,-4.66,8
-1.424,4.9403,12
9.0157,2.4223,4
2.2288,-1.2592,7
-4.9758,7.9595,9
3.4698,-5.451,4
9.6757,1.9638,5
-3.0376,7.5915,9
-9.4347,-3.6599,10
-1.478,4.293,11
1.6791,-6.506,2
3.6806,3.6257,1
-3.1012,-8.1534,6
0.45033,-2.6764,4
-9.3502,-5.6898,3
5.9705,-8.1612,8
-5.4324,-3.3819,3
-8.5201,-8.0542,10
-1.2802,-5.3288,10
1.1756,10.524,11
9.1712,-1.9252,8
2.6407,4.0421,1
6.3007,4.2595,1
-0.99983,-1.929,10
1.4904,9.0233,1
6.1765,-4.0016,4
-7.1016,-1.1735,3
3.6067,4.4693,1
2.5308,-4.617,2
-4.3144,-7.5747,6
4.7224,-5.8047,8
3.8514,-5.8952,4
6.0572,2.056,4
5.1857,1.3646,5
10.504,-3.6274,8
3.0681,-4.4291,2
0.97454,1.5376,12
-6.2741,8.4548,9
0.67461,-5.8861,10
-3.8406,2.2477,3
7.2685,-0.030558,5
-5.6443,-9.9121,6
4.3158,-4.615,8
8.8254,3.7312,5
-0.68259,0.54063,12
0.50527,5.8675,9
-5.4527,12.795,9
-3.1012,-6.312,6
1.2084,5.4198,1
6.8592,-10.365,8
1.4191,7.7639,12
1.8737,8.3784,11
-9.3489,-5.068,10
-5.9481,-2.7527,10
-1.1892,8.1523,12
5.9019,-6.8016,4
-1.9011,4.3672,11
-4.9877,-0.28105,3
3.5779,7.8218,11
4.6828,5.6382,1
-1.1283,6.0569,12
1.829,3.9149,1
-3.7835,-3.8859,10
-1.4953,0.57344,10
5.4748,-0.30889,4
1.874,-2.8222,8
-6.9723,1.3135,3
-6.3982,-9.6534,6
6.1283,-4.2206,8
2.2995,-4.9687,2
7.7334,-8.4653,8
-4.5572,-3.396,10
-3.3096,-0.11418,12
0.46474,-8.062,10
11.567,3.1903,5
4.7722,-1.5948,4
7.5083,-5.0323,4
-3.2208,7.2362,9
-1.4332,10.315,9
6.349,-6.9568,8
-5.777,13.248,9
-0.056652,-1.91,12
-3.7321,7.2223,9
-0.52463,-1.9054,12
1.2118,3.0873,12
9.1181,-2.7984,4
-4.8605,-0.23709,3
1.3895,-1.9897,2
-2.4531,4.2706,3
3.059,1.5663,5
-1.9729,-6.2815,10
-0.021059,3.1331,12
-8.2673,-11.867,6
5.2589,-6.561,8
9.8714,-6.1343,8
-7.8501,8.8787,9
6.7087,-3.9965,4
-3.1545,-8.3163,6
-9.0169,-9.665,6
0.23668,-5.9523,4
-4.117,-10.367,6
6.013,5.8742,1
0.85671,2.9672,12
-9.1414,-4.3135,6
-1.3457,-5.0521,10
3.6167,5.3668,1
8.8556,3.0952,5
8.4797,-4.8592,4
0.20868,2.9886,4
-1.2986,-5.6237,10
4.8355,-3.5032,2
10.731,-1.1209,5
4.5574,7.6043,11
2.2169,-4.8232,2
2.4111,9.2179,11
2.0855,-0.70653,2
2.0922,-0.049033,4
1.9486,4.5352,1
-1.8957,-7.2841,6
9.6309,-15.422,8
1.2003,-0.47327,7
1.9117,-5.3275,2
8.809,5.0015,5
-1.9505,9.8884,9
0.54516,-0.2061,10
-1.2801,-5.7154,10
4.1901,10.557,11
9.235,-10.629,8
-6.6678,3.5118,3
5.31,-2.4465,4
6.9318,-6.2853,4
-0.80562,5.0055,11
10.062,1.8877,5
3.3645,1.8264,7
5.048,-0.28388,4
-0.31678,8.2362,11
-2.8954,-12.93,6
-4.421,-1.6156,3
-3.3156,-1.0302,3
3.1093,-5.5871,2
-4.3567,-6.5267,6
8.6737,-1.897,4
7.114,2.6228,1
-1.3969,2.5249,12
7.5859,1.5894,4
5.1495,9.5998,11
-1.3437,-1.6727,7
-4.0766,-10.097,6
4.5483,-0.13724,4
-7.5359,12.987,9
-4.4008,5.6688,9
6.2385,4.4148,5
-2.4624,-5.5184,6
3.9743,-2.1256,7
6.0716,3.8105,1
3.7941,0.3407,7
-7.1456,0.581,3
-7.3316,8.4783,9
-7.5149,-6.6336,6
2.4907,9.7784,11
4.2682,-3.8406,8
-4.5849,5.9652,12
8.4376,1.3732,5
2.375,-8.2846,2
0.2735,8.8906,11
5.583,0.86386,4
8.9049,2.2792,5
-1.2462,1.9205,7
-2.0594,0.5244,3
8.2402,-10.586,8
8.1321,-8.4303,8
-5.7053,-9.4111,6
8.9971,-3.4257,8
-2.6961,1.4538,12
9.4169,4.0336,5
-6.3975,0.75512,3
4.5243,-2.7694,4
-0.83241,4.9229,12
5.4253,4.9873,1
9.2827,2.8616,5
5.9234,9.6288,11
7.1594,-6.1295,8
5.3443,-4.2815,4
1.1292,-2.8754,10
5.786,-6.8724,2
-3.9371,-5.3514,10
-1.0984,0.80509,12
-1.494,-11.011,6
7.6185,3.1665,5
-5.5091,-4.4391,6
-3.6199,8.0581,12
1.3834,1.6436,7
-8.4032,7.8724,9
1.2497,11.771,9
-2.3818,3.272,3
3.5784,-1.7119,2
-1.2827,8.6862,11
-1.7431,-9.8903,6
-0.21229,-5.3645,10
4.2624,0.72122,4
-0.019213,7.1363,11
2.7136,-6.1574,8
-7.2227,0.50146,3
8.0955,-0.5097,4
3.0052,9.5995,11
7.3774,2.6637,5
-5.0333,-10.492,6
-5.0188,3.6314,12
-3.6645,-9.916,6
5.6726,1.8491,1
-1.1051,3.0172,12
3.4208,-4.6788,2
3.3279,-4.413,4
-0.1882,-5.3534,10
-0.8967,-5.6462,10
-11.068,1.078,3
-0.55114,-3.7046,7
-0.41541,9.8759,11
-2.2957,-10.769,6
9.6562,1.1623,4
9.6627,-5.9183,4
4.3673,-3.1939,2
2.953,8.3275,11
-3.1089,0.3329,3
6.3918,-4.5012,4
-5.4558,-4.9735,6
1.7605,-2.9755,7
2.3773,2.497,7
3.4564,-1.2182,7
0.87821,-4.4837,7
-4.3136,6.4214,9
-2.6738,10.24,9
-4.7767,-12.205,6
-2.4057,10.138,12
-0.52652,7.1091,11
-1.9582,-11.542,6
2.3734,6.1979,1
-1.4542,-6.6923,10
7.6165,3.7745,5
7.3757,-4.8038,5
7.0192,3.9872,1
2.9457,-3.8017,4
6.4584,-2.4827,4
0.75889,6.7339,11
3.252,6.2462,1
0.46476,-2.1037,7
0.52211,8.5958,9
0.28968,-5.9687,10
-7.8394,-7.3986,10
7.6422,5.9183,1
-5.3071,-10.292,6
1.0945,-0.5412,12
9.4117,-10.93,8
4.7734,4.9569,11
4.0815,-7.7356,2
6.305,5.9598,1
6.9491,8.0138,1
9.7807,0.013526,4
-3.7284,-5.9143,6
-1.4676,0.96035,12
10.374,-0.34404,5
6.9203,3.6572,5
-0.64079,8.6551,11
-3.8739,6.3886,9
4.2805,0.67194,7
5.9796,-3.2662,4
-3.7053,1.0393,3
10.616,-6.8471,8
-2.323,3.7247,3
-4.6892,5.2883,12
-3.0167,-3.1584,6
-5.0775,7.6201,9
4.9229,7.6459,1
-1.9685,9.8983,11
8.4592,-2.3917,4
-1.4217,2.8973,12
-2.6538,-6.2685,10
-2.1142,-1.4197,10
-0.60389,0.9091,12
-3.4507,-11.429,6
1.4523,0.78693,7
5.9183,-7.2215,8
-10.988,7.1405,9
1.5339,6.0119,11
0.30996,6.4129,11
-2.7499,12.31,11
-0.69074,6.4702,12
-2.4659,6.8579,12
-7.3158,-10.715,6
4.1052,-7.5447,4
-2.8879,2.8902,3
-6.5718,-6.5526,10
-0.62531,2.9976,12
-3.677,3.0154,12
-6.176,-4.2397,10
1.3634,5.1722,12
0.77542,7.6081,3
-2.4041,-8.9321,6
4.0434,7.1604,1
4.5552,-8.1437,8
3.9805,3.6665,1
-1.4483,-2.5684,7
2.7189,-1.2025,12
-8.0191,-3.5468,6
-6.9823,11.512,9
9.7054,1.3363,5
4.659,-7.8437,8
2.8037,-4.1944,10
-7.4912,-2.5751,10
-0.81381,3.6372,3
-1.6911,-7.1428,10
4.2183,-4.7367,8
4.5471,-7.209,2
-4.1628,-16.479,6
1.6521,0.44292,12
10.854,-1.6558,4
3.2201,-2.4678,7
0.73447,4.6148,12
3.6749,-8.9128,8
-7.435,-12.654,6
9.3907,-7.0733,8
10.601,-0.30895,5
8.6595,2.6222,5
4.299,7.0587,1
1.3852,3.9504,11
4.9973,4.1358,1
-4.4862,7.507,9
0.083871,7.4522,11
3.0747,-3.6582,10
-4.6584,-9.5191,10
-1.0817,2.0536,3
5.8417,-1.0466,2
7.6003,-1.9062,4
-0.37015,13.311,11
-5.7838,0.19766,3
-3.6324,-11.749,6
3.075,1.0663,4
-8.1336,-5.3916,6
0.50258,5.8857,1
-3.1659,-11.344,6
-1.4173,8.7567,11
10.029,-5.9028,8
7.6038,2.3115,5
-0.63861,1.5552,12
-0.832,-1.525,7
5.6309,2.0697,5
-4.0353,6.8786,9
4.4507,-3.2386,2
-3.2687,3.336,12
9.4894,5.2134,5
9.6906,-8.7217,8
0.57518,6.6031,11
3.3125,-2.9048,2
7.8621,0.52121,4
11.193,-6.7698,4
9.9781,-0.27944,4
6.1995,3.0541,5
-3.0714,-7.545,6
3.058,6.3465,1
6.4986,-4.3513,2
-4.3281,-10.967,6
5.1464,0.31835,7
-2.5573,2.1036,7
-6.8363,-4.8088,10
7.1284,2.0164,4
6.9061,-2.5183,4
3.8177,2.2516,5
4.3722,6.3482,1
-6.8752,-11.403,6
-6.4052,-9.1742,6
-3.9266,-8.5216,6
-1.0351,13.348,11
6.341,-2.6699,4
0.25768,7.1267,11
-1.0375,-3.5156,2
13.047,-9.7802,8
-1.555,10.865,11
-8.5851,6.241,9
-8.0359,-6.4359,10
5.1637,-6.5492,8
-0.35763,-11.407,10
0.68266,0.45808,12
-1.826,6.977,3
6.2303,-8.6203,8
7.4068,-3.7629,8
3.9829,0.17308,4
-0.77961,6.2905,9
10.733,-4.2289,4
8.9666,3.0265,5
1.153,-8.6134,2
-3.069,-9.8221,6
-3.0771,1.5357,12
5.3423,-7.6346,8
-5.6563,-10.65,6
9.001,0.72294,4
3.1443,-1.0267,7
10.328,1.2345,5
6.4097,-3.4331,2
2.9641,0.7875,4
3.4482,-7.1329,8
-4.7814,-8.2257,6
14.184,-1.1069,5
5.1073,2.0936,5
12.233,-6.3711,8
2.674,-5.4352,4
-1.3587,-8.4644,10
9.8579,-4.3933,8
3.722,6.2544,1
0.91184,-2.9904,2
-5.6587,-6.1361,10
-2.6328,3.6191,3
6.5365,-7.8737,8
6.4322,3.7612,1
-3.3521,8.0733,9
-5.4322,-0.94524,6
4.4913,-5.9927,2
8.6169,2.3679,5
-8.1582,-11.859,6
2.3581,-10.337,8
6.4614,-4.8357,2
4.0582,-2.2596,2
-0.79522,0.95628,12
4.2007,-4.1087,2
4.8278,-0.85831,5
-8.3214,-5.959,6
-0.33106,4.8767,12
10.378,-4.1397,4
8.6396,-1.2452,4
-3.7959,4.9738,12
-7.3487,-9.1023,6
-4.3869,-10.193,6
6.6656,4.1091,5
-3.9516,-2.9501,10
6.6479,-3.6621,8
2.3984,-5.7703,8
-6.1381,-5.7202,10
1.6655,0.25945,2
-1.998,10.51,12
3.5705,-1.1742,7
-5.007,5.147,3
-7.0552,-9.8129,6
4.4131,2.4556,7
7.5915,-4.1242,8
2.4256,-5.4295,2
-0.55126,-5.0418,10
-3.4479,-3.4829,10
-3.4268,-9.1424,10
10.491,-6.6996,8
6.0714,-5.8102,4
5.6222,1.9576,4
-7.8384,-7.3461,6
7.5839,5.978,5
3.6651,-2.2649,2
2.9345,-5.8867,4
-6.5074,-10.844,6
3.3132,8.164,11
0.95284,3.9199,12
6.7625,-1.709,4
2.8475,-7.0747,4
2.9123,-5.5284,2
7.964,-4.6972,8
0.88819,-1.5053,7
-7.0127,6.7007,9
11.874,0.16131,8
4.8081,-5.8515,2
4.9693,4.1221,11
5.7405,7.4075,11
9.7607,-0.74258,8
4.2877,2.3376,1
-4.5452,7.3319,9
-1.0444,-6.5403,6
-0.98957,6.9138,12
2.1507,3.7234,1
-3.0923,-0.00079507,7
-7.3429,-8.3221,6
-4.556,0.2551,3
-8.441,-5.5247,6
7.105,-1.6554,4
1.2999,-5.3599,10
10.368,-3.6218,4
-0.5892,4.1289,7
7.7031,-4.6707,4
1.8324,-2.1074,4
-9.1734,9.0304,9
12.598,-6.1837,4
-1.0668,2.7224,12
0.56683,-1.7876,10
8.5994,0.032207,4
7.9298,-7.5536,8
6.3599,-2.7492,4
-4.6922,-9.1285,6
-0.24676,8.175,9
-2.5662,9.693,9
-9.0031,-4.2379,6
11.039,-0.84241,5
3.8829,-2.4662,7
0.73719,-2.9763,7
-0.92835,3.6476,12
-2.3568,-7.4708,10
0.17856,5.8893,12
-7.8764,-10.347,6
-4.8453,3.8494,3
-1.3442,12.941,9
2.3153,-2.9283,2
7.9657,-1.9701,4
2.8163,2.7279,3
4.6217,2.971,7
1.503,-8.2707,10
0.91628,2.4404,7
3.6341,-4.214,4
-1.0035,0.84084,12
4.6518,-2.104,4
-2.8244,6.6094,9
4.1813,1.329,5
1.298,4.9017,12
1.7011,4.9713,7
4.0145,0.21214,7
2.9023,5.5212,11
9.9387,2.9418,5
-0.20694,8.6047,11
3.5412,-0.8,2
-0.24894,-4.5595,10
5.8348,-3.014,8
-2.4631,-8.4263,10
5.289,-7.4553,4
-5.9757,10.237,9
-4.9341,1.0865,3
-9.1683,-6.5061,6
-2.2887,-9.4679,6
1.8448,3.228,7
-5.6575,-10.304,6
-4.2461,4.8254,12
2.8937,1.3893,2
-2.7075,-1.7656,7
-3.1328,3.2686,3
-1.0738,-6.2116,10
1.6556,8.5997,12
-1.6937,-10.183,6
3.8947,-7.9364,8
-8.5279,7.0542,9
-5.0081,-6.9759,10
-5.1916,2.2863,12
8.237,-4.5078,8
-1.3879,1.4722,12
8.0971,-5.7031,8
-2.1159,4.9433,3
-0.25885,12.662,9
3.4178,3.2865,1
3.7712,-3.816,7
2.1021,-5.9719,2
12.057,2.93,5
0.87907,4.7486,12
3.9019,-4.5097,2
6.6956,-7.9221,8
3.9356,-1.79,4
-2.9613,7.6056,9
-3.0043,-4.3487,10
6.6132,3.3907,1
2.7008,-0.40199,2
-1.465,-2.4246,7
-2.1995,11.031,9
-5.4334,4.3788,12
-2.1765,5.9857,3
-1.8366,-2.4036,10
-10.096,-8.8157,6
5.4739,-2.6776,7
-1.1443,-9.5414,10
6.4619,-3.0181,4
-1.4565,7.6058,11
4.27,-0.91158,7
-3.7349,-7.1562,6
4.3638,-0.26644,4
-4.4655,1.1447,3
-0.092888,11.71,11
0.50437,-6.1689,4
8.4368,-4.6111,4
-0.71453,-11.229,6
4.8589,6.813,1
0.50589,8.9034,1
1.0703,1.2517,2
4.7616,-10.708,8
6.6793,1.2299,5
-5.1045,-7.3252,6
-4.0657,1.9271,3
0.0036244,0.52035,12
-0.018948,-5.4163,6
5.0308,-1.129,4
12.226,-7.8544,4
-0.17094,-10.809,10
-7.4054,0.46844,3
-2.5525,3.5823,12
11.561,3.1265,5
5.9704,0.70399,4
-0.49967,-7.9357,6
10.922,2.2069,5
1.7015,2.8584,12
-6.6464,-10.713,6
-2.2734,2.404,12
-1.3273,-1.1063,10
7.2997,-4.1777,4
1.313,-6.9604,2
9.5431,-5.5339,8
2.6364,6.5446,1
-5.8512,9.498,9
14.492,0.82412,5
4.2994,-3.0951,4
-7.0884,-3.9327,6
-1.1807,2.3009,12
-3.8398,10.887,11
1.2956,-6.232,10
-1.2849,1.6191,12
-7.9209,-10.406,6
-6.1908,-7.2297,6
3.2427,-2.1248,4
-1.6864,2.5726,3
6.2951,2.2305,1
-3.4044,-7.1196,10
10.61,-1.2851,5
-7.3288,-5.6556,6
11.794,-8.6919,8
-6.2518,7.4738,12
-4.311,-9.5246,6
-5.0438,8.0346,9
0.2026,-3.3021,8
0.48479,8.7854,11
-7.5288,-8.7382,6
3.7699,-1.1802,4
-5.8762,0.73828,3
2.6131,-0.56524,7
-9.5251,-6.0342,6
1.4742,4.2524,11
-3.3864,2.4956,12
-5.9065,-8.7573,10
-6.4715,-6.679,6
0.52341,6.4484,12
-1.5715,-13.995,6
-4.6473,-9.5122,6
-2.9673,-5.2451,10
-0.81876,-9.2462,6
-4.8376,2.2169,3
-0.66776,-6.9557,10
4.4842,-3.6962,2
-2.8255,7.6128,12
1.8351,-4.2013,2
4.1358,5.7437,1
0.0044868,2.4199,12
3.8327,-3.3265,2
8.4012,-7.3673,8
8.7537,1.16,5
10.353,3.9548,5
0.89118,-1.737,7
12.565,-2.5872,8
-0.33305,3.2196,12
2.1162,-7.5616,10
-1.94,3.4012,12
-0.85701,-8.4046,6
5.8469,13.909,11
7.313,-3.2747,4
9.0897,3.7481,5
1.7103,5.1583,11
7.2442,1.0241,5
1.207,2.426,7
3.4909,-1.4125,7
7.8601,-5.1042,4
1.7015,-7.6942,10
1.8966,-6.9373,10
3.1812,5.6696,1
-5.2272,-8.7126,6
9.5657,-0.052214,5
4.4906,-1.9767,4
5.0222,-8.1557,8
4.157,-3.6714,2
4.9695,-12.219,8
-1.1501,-1.5677,7
-2.6754,-4.7414,10
-2.069,2.6129,12
-2.5883,-4.9832,6
-2.1499,-3.5445,7
-3.3083,6.9993,12
0.77273,2.351,12
-0.67375,2.068,12
5.904,1.3105,5
0.80831,6.4509,11
6.5755,-4.0318,8
3.6953,5.8811,1
-4.6486,-7.5617,6
-5.4962,9.6061,9
1.0532,6.838,1
-5.6207,-10.146,6
5.1573,-5.7962,2
2.9227,-3.6771,7
6.2761,-1.1701,2
-5.0729,3.9693,3
-4.3783,6.0896,9
-1.7906,9.8845,12
0.83807,2.398,12
-0.00027874,12.55,9
6.5516,-8.8284,8
-3.3446,-0.36386,3
5.344,-2.1838,4
-2.4007,3.1522,3
-4.0349,-9.8458,6
0.49464,8.4189,11
2.1562,2.2118,5
3.0319,-8.61,2
-4.8095,9.6551,9
1.7929,-2.2153,2
1.4428,6.4649,12
7.4025,-8.0947,8
-2.8588,-7.5442,6
3.5761,-8.4572,8
-3.1462,-0.055412,3
-2.0347,5.3139,3
-3.3382,3.851,12
0.49321,6.6737,3
9.7944,0.7278,5
8.3518,-5.0262,8
10.478,3.5294,5
-0.45897,5.7465,12
-7.9988,-10.4,6
6.792,2.0097,1
4.8273,-3.974,4
6.4245,4.9928,5
-3.3044,2.7575,12
8.0927,-1.1633,4
-1.2223,-7.3372,10
3.5988,5.3822,1
-0.27274,3.5428,3
-2.1046,6.2665,12
4.9471,-3.2167,4
-1.8783,-5.3559,10
0.78977,-4.0392,6
-0.45995,8.7883,12
1.1867,0.78003,10
0.9722,-3.7034,4
5.9802,-0.14396,5
-12.188,-6.1452,6
-1.8973,7.8473,9
4.1815,-3.8818,2
-1.3481,-7.9206,10
-2.098,8.1115,11
5.1954,-3.1514,4
-4.7666,-1.8263,6
2.2434,-5.6379,4
4.9504,-3.809,4
2.9823,5.3217,1
-2.0793,11.016,11
-2.695,5.4696,12
7.2043,-13.619,8
0.42256,-9.8617,6
-5.217,1.822,3
2.2338,-2.7901,2
5.6641,-6.3225,8
3.3535,4.7661,1
-5.7604,11.405,9
7.3059,2.923,5
3.6673,-2.5679,2
2.9128,7.9336,11
4.4226,-5.7955,2
-1.1362,10.615,9
-1.8472,-3.4665,10
-7.2847,-2.6103,6
-4.2925,9.5052,9
-1.1815,7.1699,11
2.6666,3.1959,7
-3.4519,3.8332,3
-10.112,-8.5057,6
6.3881,4.0789,5
1.6886,-4.8586,4
-3.7811,-12.056,10
-4.9729,2.9719,3
10.414,-4.6909,4
2.927,6.9519,11
0.90459,13.841,9
8.2491,-6.1433,4
-2.9301,0.31839,3
-6.1562,9.4098,9
-7.6403,-10.252,6
3.9725,4.2153,12
-7.7247,-5.9252,10
1.1872,5.4497,1
5.2727,2.0108,1
-2.5976,5.1048,3
-0.053793,-5.675,10
-1.3763,2.4652,12
1.4258,-6.0524,10
-3.4056,-0.17621,10
-1.9534,1.5773,12
5.5521,2.4319,1
3.1604,-5.5697,2
9.5884,-0.41786,4
6.6844,-0.10349,4
-1.4781,-10.459,6
0.56488,-2.4363,2
-4.2376,-5.887,6
-0.7511,6.0684,11
2.9853,3.8244,1
5.3414,7.1977,1
3.249,8.1017,11
7.132,1.2096,5
-8.5346,9.0313,9
-0.72358,-3.1033,10
-2.6553,3.2747,1
7.5263,3.7851,5
-3.7978,-2.6202,10
4.9944,-9.0823,8
3.1987,-2.0519,2
-2.9345,-8.8258,6
7.6862,1.9701,4
-3.3298,-7.6344,10
8.1516,1.7106,5
-3.8679,1.776,12
3.8808,-10.141,8
-3.1995,-9.199,6
-3.0009,9.0296,9
2.711,-5.308,2
4.0595,5.0317,1
-5.9987,11.045,9
10.137,-6.4758,8
0.14538,-6.0898,10
-8.1243,-8.2144,6
5.0717,1.8874,5
7.822,-1.1694,8
8.4861,1.8836,5
4.8596,-6.2338,8
-10.161,-7.6961,6
4.7294,-5.3022,4
4.1148,-0.32224,12
-0.35265,-2.0119,2
2.6118,2.8284,1
-0.03133,3.5207,12
-0.49673,-5.3523,10
1.0891,2.3421,1
-0.20495,-6.1511,10
-7.9976,6.0793,9
-6.4628,-4.8747,10
-3.8751,-5.0543,10
0.57017,-5.9108,10
1.8905,7.5203,9
-3.6807,-11.28,6
-0.47279,-3.6912,2
2.7991,4.3091,1
-3.0631,1.7967,12
3.8095,-2.6974,10
1.4905,10.004,11
-7.6427,-0.26111,3
-4.6668,-8.6459,6
7.3985,-3.8836,4
-2.3818,7.2348,3
-6.1054,-8.4076,6
-2.5367,3.1652,12
-5.399,-1.8597,10
-0.56598,10.922,9
-1.7516,-4.2076,10
-8.1243,-9.0558,10
-2.9966,-10.757,6
-0.0050352,-8.9558,10
-3.978,-4.6057,10
3.1982,-2.4431,7
0.050431,-5.9579,2
7.2127,-4.2905,4
-0.55871,-5.9501,10
5.1445,4.6856,1
0.77747,4.3549,12
-0.67709,-5.5918,8
0.125,3.7518,3
4.5939,3.9865,1
2.7355,-0.33667,7
4.4058,1.0887,7
2.0492,-1.9487,2
-6.1351,-11.783,6
7.8931,2.1371,7
6.9285,0.62256,4
-3.8624,8.5673,9
4.593,4.642,1
-6.1122,-9.6511,6
-5.0749,8.0202,9
2.371,0.65435,7
9.4066,4.6479,5
-4.776,-0.59919,3
6.737,-1.9219,4
12.015,2.2532,5
6.3596,1.0652,4
-3.1475,5.404,12
1.5841,-3.8442,4
-2.6902,3.9054,3
1.2925,-8.7874,10
-4.1765,-8.2431,6
-0.40152,-1.5443,10
8.7667,-2.9458,5
3.9496,6.7173,1
-1.1323,6.2735,11
2.0498,8.7277,11
-4.7561,-4.0597,10
0.77264,7.9553,9
-1.7844,-1.1755,10
-9.4577,-8.3927,6
-4.9354,0.51258,3
4.8025,0.90546,7
-1.6797,9.2698,11
1.449,-1.6667,7
4.7884,4.5654,5
-0.49653,6.4468,11
-6.3519,9.5269,9
-2.5121,-3.5337,10
-9.2306,-7.105,6
7.1387,-2.8583,4
-7.4924,-8.9984,6
3.6241,8.0102,1
4.7559,-6.6055,2
9.421,0.65989,8
-3.7826,-12.798,6
-5.8313,15.668,9
7.6107,-3.5176,8
-2.6464,4.6258,3
8.9818,-3.567,4
4.0044,0.9525,5
9.3049,-12.462,8
7.9206,-9.6126,8
1.3548,-1.2251,2
0.60899,-1.9741,2
9.0239,1.2016,5
-5.0604,6.35,9
5.5483,3.3903,5
-1.7789,3.7306,12
8.2198,-0.43568,4
0.11872,-8.2397,6
-7.1908,-7.1485,6
8.8393,-7.3622,4
0.67063,-2.6464,2
-2.9107,-8.9121,6
6.9459,2.1654,7
1.5057,7.8411,1
6.3369,-7.6402,8
11.139,-5.2236,8
4.0135,0.47267,12
-5.7884,1.5044,3
-1.0282,-8.1627,10
9.2764,0.56855,5
-3.8871,-8.9732,6
2.0449,4.5995,12
-3.4581,-12.354,6
10.027,-10.048,8
2.9354,6.7537,11
-5.8406,0.12842,3
-2.9828,2.1454,3
3.3355,8.9598,1
9.3647,-12.678,8
3.8313,5.9819,1
5.5592,1.9581,7
3.6343,5.5106,1
-1.0201,-0.83225,7
-0.61646,-1.6279,10
3.6215,-13.001,8
0.9803,1.3815,7
2.3609,-8.9862,10
-0.14405,8.0118,11
-5.9063,-5.5732,10
6.7099,-7.338,8
0.090831,2.7211,12
-2.5423,5.0074,12
5.0622,0.91097,5
5.5461,1.3779,7
6.6466,-12.463,8
4.0497,4.9959,1
-3.3608,8.5811,9
3.4251,9.7936,11
2.1004,-4.6541,2
-4.8907,3.3352,12
0.47812,2.576,7
-3.7204,-5.9573,10
4.6003,-6.4429,8
7.2362,4.6391,5
-4.2417,4.713,12
13.458,-10.236,8
4.795,-1.8224,2
-6.5252,10.701,9
-2.8097,-5.3992,10
-7.0828,-8.0067,6
-5.2278,-4.6272,6
-2.0829,3.588,12
-2.3898,6.3933,3
-6.2655,-12.512,6
-0.53537,-1.5165,2
-3.9226,6.1447,9
6.5374,-5.2852,8
4.4146,2.7185,7
9.7284,-2.8038,4
7.006,-4.8209,8
-5.5579,1.1913,12
3.1575,-5.2606,8
8.734,-3.9984,4
-1.1792,2.2335,12
11.513,-3.5706,4
3.739,3.8631,1
-2.8697,-9.0341,6
9.1096,-4.9641,4
-4.4415,-9.2641,10
-3.7856,12.465,9
-4.4146,-8.0871,6
0.78147,2.1724,12
-3.2144,0.73933,3
0.85925,5.8094,1
7.3522,0.5688,4
7.654,-3.1504,4
7.0061,-4.4034,2
-1.3761,1.7578,12
-3.3732,-2.532,3
-3.6342,5.2866,12
-6.6467,-18.252,6
3.1247,-5.376,4
7.3922,5.5658,5
-1.3356,1.9692,3
8.8694,-6.4083,8
2.0267,2.772,12
-0.36203,-3.6237,10
-0.047128,-2.0885,10
-0.14783,2.7228,1
-4.341,-0.57246,3
-2.6569,8.8272,11
5.7856,-7.1879,8
2.3567,-3.7157,2
-5.1251,-3.4592,10
11.643,-3.1537,8
-7.395,-5.5311,6
6.9973,-7.6194,8
-1.6185,-3.9681,6
-4.4755,-9.407,6
2.6816,-1.6244,2
2.4751,5.9899,12
-5.4569,-0.58086,3
0.23218,0.96726,7
-2.1184,-8.6673,6
4.1244,2.7211,7
2.6972,5.4273,1
5.1915,-7.7017,8
6.2395,7.2455,1
-1.379,5.0132,12
-8.2509,-0.2535,3
12.319,-1.9201,5
4.521,-0.79116,2
13.545,-4.834,8
5.6081,2.5979,7
-1.3123,6.2203,11
-0.92155,1.2148,7
5.1163,4.8058,1
-2.0929,5.2757,12
1.4766,2.6577,11
4.709,-4.8415,2
2.6846,7.4157,1
9.5853,0.14475,5
-5.9843,-13.001,6
1.2749,-1.0049,7
4.9221,4.4842,1
2.2047,6.4468,1
1.1222,-2.4182,2
1.2197,-5.5917,2
7.1746,-2.4565,4
-6.7773,9.5339,12
1.3306,6.2351,1
5.4492,-8.7292,4
0.68291,-2.8892,7
-4.8695,-6.3779,6
5.1409,6.679,1
2.0618,5.3162,12
11.376,-4.4445,4
1.1972,0.0619,12
1.813,-5.4408,10
-4.3362,1.1263,7
-3.9425,-4.731,10
0.89148,5.9661,12
7.0955,-3.6713,4
4.2874,2.2774,5
-2.8155,-4.8487,6
2.3447,-5.2491,2
-1.9616,-4.441,7
8.0954,5.3469,5
1.7304,4.2177,12
6.0379,-7.7724,8
1.4089,-5.9489,2
-5.1281,-14.052,6
6.4509,6.3738,1
2.5745,10.432,11
4.7281,-5.3942,10
8.3706,1.2975,5
4.9406,5.4867,5
-4.4828,10.918,9
-2.6001,10.834,9
5.9161,1.6455,5
11.361,-0.080614,5
2.5818,9.4861,11
7.3949,-8.4866,8
-0.396,6.4785,12
11.308,2.1194,4
-2.4121,-6.2474,10
2.5336,-0.93545,7
4.7671,4.4992,1
-2.5978,-7.1401,10
1.777,6.8465,1
5.8163,1.5029,5
-1.1682,-5.5891,10
3.2945,-6.2072,2
8.2746,0.36461,5
6.0351,1.5916,7
9.13,-6.328,8
1.022,9.3701,11
5.7991,1.9692,1
4.5457,-4.3514,8
1.7845,8.6124,11
6.7449,0.71346,5
-2.4784,8.0065,9
1.8116,2.3651,4
0.47514,0.92909,12
6.3237,1.0263,5
-1.033,4.1624,1
-5.6849,-7.1731,6
6.7926,5.8208,1
6.7888,-9.2923,4
-2.3588,-9.9185,10
6.0561,6.5611,1
8.4938,-4.7075,8
-1.002,-0.51794,7
1.0444,8.7833,11
-4.9172,-8.4186,6
2.4214,-4.1285,2
1.831,-2.8352,7
2.707,-1.5786,2
5.7078,0.763,5
8.2169,-2.6451,4
9.0967,0.47691,5
3.7285,12.233,11
-3.592,10.037,9
-3.8459,-12.547,6
-5.8213,9.3418,9
6.9187,0.75135,5
-3.6377,2.7238,12
-10.08,7.4703,9
-8.9492,7.8658,9
-1.6258,-5.1196,6
2.8056,-3.1028,2
-5.0956,-7.2388,6
0.89413,6.5671,11
-2.0853,-9.9616,6
4.1885,7.0878,1
-10.195,0.50182,3
3.7043,-6.3052,2
-2.1037,-12.392,6
8.5114,-2.3127,4
3.6652,-1.3502,4
-5.8536,-13.949,6
-1.9196,1.9732,3
-3.4411,-1.8272,10
5.0089,-9.4082,8
3.0888,-5.8851,2
6.0776,-4.1662,4
4.5725,4.8201,1
8.0858,-4.6949,8
5.9535,8.8951,1
-7.4311,11.891,9
-2.86,-4.3124,10
-1.7709,1.5615,3
7.321,-2.2913,8
4.4797,0.0070223,4
6.7779,-1.9578,4
8.2023,-3.968,4
6.6999,5.6347,1
-8.5733,-7.7868,6
0.40071,-12.294,6
4.3967,0.050546,2
-0.14796,8.0791,11
8.7226,-1.4735,8
-0.32226,1.8992,7
-4.2464,3.4478,3
-3.4981,-8.2968,6
8.0341,-9.3404,8
2.5546,-2.1946,4
-0.4336,-5.6498,6
6.5235,0.13814,4
-4.0637,-10.176,6
5.2262,1.8305,7
-1.1938,10.363,11
8.0682,4.3223,1
-0.48992,7.3289,11
1.8618,-0.35034,7
-4.7235,-5.3535,10
-7.7585,9.7893,9
3.0585,4.1446,1
-3.4069,-1.9956,10
6.502,3.1596,5
-8.1475,1.345,3
6.6301,-8.7475,4
2.5712,-5.3017,4
3.3459,9.2943,11
-0.1079,2.658,12
-3.827,10.256,9
3.5545,-3.453,2
2.9468,0.7464,7
13.103,-6.1675,8
3.935,11.964,11
5.4778,-8.245,8
1.7992,-6.0952,2
3.296,3.1234,1
-1.8545,8.3494,9
-4.5102,-13.576,6
8.1338,5.7448,5
2.0586,-4.2746,4
6.1478,1.5153,5
12.459,-6.7504,4
8.3284,2.0738,5
8.0335,-5.9729,8
-0.14895,7.065,11
4.9194,6.0927,1
-4.1578,-7.7043,6
4.6726,0.36696,4
-3.4169,0.68479,3
2.6067,7.3655,11
-1.7349,-8.9393,10
5.0277,-0.53274,7
-3.866,-9.0593,10
12.329,-0.74469,4
0.84833,0.95,12
1.3766,-8.2271,10
6.8298,-5.9961,4
3.4053,3.8818,1
-2.45,-3.1376,12
-2.5615,-13.831,6
-3.1851,1.9265,12
-4.1547,-12.934,6
-5.1189,8.8711,11
3.5411,9.2898,11
-1.2028,3.2459,12
3.6221,2.5717,7
3.6632,-2.2426,4
6.3518,-13.161,8
4.7167,-5.388,8
-3.6704,5.6765,12
-6.2899,-7.6021,10
2.6006,5.5792,1
-0.57524,4.4438,1
9.8232,-7.8659,8
3.2464,-8.8808,8
0.55846,8.3626,11
-1.0138,9.0993,12
-5.5124,-7.5593,6
-8.2664,9.5493,9
-2.7343,5.8444,12
10.391,-7.1302,4
4.6429,8.4087,1
4.0754,-5.0677,2
-2.6943,6.5823,3
-0.64504,5.0752,12
4.0216,9.447,11
1.0855,4.2707,12
12.745,-2.8426,4
-0.26871,7.2847,9
-2.632,5.9134,12
0.74088,8.2204,9
0.37555,6.1562,12
0.69392,0.43582,12
-2.0714,-7.6413,6
-4.2127,2.7301,3
8.5498,-7.786,4
2.0959,0.65309,7
6.7652,-5.4142,2
7.4226,-11.268,4
-3.6343,-9.3139,6
0.04678,-3.4875,10
-2.2019,-3.8234,10
-5.9062,8.6701,9
2.9273,0.59532,7
-1.3123,7.6937,9
1.7309,-2.7368,12
0.97566,10.653,11
-2.4086,8.0409,11
-12.533,-12.277,6
8.3095,-8.1292,8
0.40706,7.2924,11
3.7946,-6.5496,2
6.4672,-2.6869,8
3.2948,-5.1299,2
-6.3571,-0.51213,3
-3.7438,-11.009,10
2.8185,-3.2194,4
-4.2724,-3.0598,6
3.8995,-5.7249,2
3.6855,-1.2403,4
-6.3633,-5.5769,6
11.383,-0.79624,4
3.0128,4.3339,11
-2.0725,3.993,3
-3.8715,4.8153,9
-0.22748,2.4226,7
0.64958,1.0404,7
-1.6485,9.1935,9
-1.0543,6.1359,11
5.3656,8.6828,1
3.3166,-0.11873,5
-0.020439,7.1801,11
-4.944,9.5735,9
1.7854,9.7856,11
-3.7522,8.2586,9
-6.6877,-4.1625,7
9.7717,2.1833,5
0.032797,4.2019,12
-9.1322,-13.081,6
-1.5335,-3.3504,3
11.851,-4.8759,4
-6.1428,-7.5934,6
-6.3572,-3.5194,6
-3.1872,-0.33287,6
7.3906,3.6058,5
11.98,-4.9121,4
1.8691,2.6882,3
12.443,-4.0791,4
9.1978,-5.1321,4
-2.9573,-0.63991,3
-0.48476,-7.463,2
2.1445,0.82749,12
1.1062,3.9133,12
-6.0393,-8.6017,6
2.3101,0.29493,5
5.7445,4.6981,1
6.3887,2.8847,5
7.6557,-2.868,4
2.9691,-5.883,4
-5.3205,-5.7845,6
-7.6902,-10.316,6
1.3431,-0.88697,2
4.1559,5.7899,1
3.3989,1.5343,7
-0.45439,-6.0925,2
4.1364,-3.0952,2
1.48,9.1204,11
-5.4919,1.662,3
8.1784,0.22848,5
0.51481,3.3721,1
-8.0564,-1.1416,3
1.2204,-2.1425,2
-2.8448,-4.1942,10
10.43,0.55361,4
2.2947,4.2931,12
8.9282,1.3069,4
-10.383,6.7598,9
0.44652,-1.2153,12
8.0434,-5.0009,8
4.0426,-3.4003,4
-3.4493,6.4079,9
9.6881,1.2506,5
7.0579,-4.4973,8
-5.1928,11.264,9
1.8285,4.3123,12
5.4773,-4.9934,2
-0.0066111,3.0866,12
4.8155,-0.47353,5
5.795,-13.061,8
8.6929,5.0453,5
9.9344,-4.8763,4
3.9619,-3.9048,2
-7.1742,-12.481,6
0.98424,-6.8248,10
-2.5251,-13.589,6
9.9257,8.2048,5
-5.0849,-3.0593,10
-0.56931,-1.311,7
6.7181,-1.7289,5
6.9834,-1.035,4
9.2444,2.9046,5
-5.2274,1.6423,3
0.88428,-3.9779,4
3.5588,8.5656,1
-6.0003,2.1933,3
5.4204,4.7895,1
2.116,8.5697,9
5.3385,2.4785,1
5.9271,8.4133,5
-6.0042,-8.1721,6
5.668,-5.6716,8
6.7666,-12.512,8
2.77,-3.8268,2
-1.3785,4.8251,12
-2.9084,2.1471,12
11.426,-4.905,4
1.8093,8.7927,11
17.355,-3.1639,4
6.2612,-4.9308,4
-1.3193,-5.5652,10
-5.1491,10.98,9
8.3974,-8.1509,8
11.134,-0.93367,5
8.6799,-7.1852,8
3.669,-3.9916,4
4.8674,8.1416,1
0.11031,6.5868,11
0.88841,0.7244,7
-3.339,2.2984,3
0.69994,-5.4182,10
-5.7225,-5.3921,6
-0.82727,-2.8937,7
5.84,-8.8565,8
2.7288,-4.2646,2
4.1313,-5.5483,2
3.8084,-1.1525,2
8.0705,3.036,5
6.0766,-4.8259,4
0.083926,7.9242,11
6.0179,4.7835,1
-1.6512,13.406,9
8.3995,1.0799,5
-6.111,-6.6755,6
8.5842,-4.4807,4
12.357,-5.8662,8
0.64861,-5.0813,2
4.1704,-1.944,2
-5.1205,-15.8,6
-1.5825,-10.32,6
0.18716,-3.5934,10
5.8905,0.34956,5
5.6395,-6.6353,8
-0.14615,-0.71308,12
3.3994,-8.5799,2
-0.2786,-3.2471,10
-7.6387,-7.3156,6
4.1676,7.3269,12
1.9271,-4.5271,2
-8.5898,9.0179,9
-1.008,-0.30917,12
10.295,-9.9289,8
0.027087,5.3898,12
1.0597,7.0417,11
1.576,-5.8633,2
-0.81779,5.2581,12
12.122,-5.3416,4
-6.4532,-11.002,6
1.9529,-2.2243,4
-4.9943,0.86037,3
1.189,-0.034603,2
7.8098,-5.4432,4
0.85882,10.572,11
-2.3627,2.3499,3
-5.4501,0.50747,10
4.9439,-8.6105,8
3.07,-0.31194,7
-4.0993,-7.5518,6
-1.8065,8.6747,12
12.16,-1.6825,5
-2.3491,3.5012,12
6.7566,0.57627,5
2.4696,-5.835,2
-0.14541,-7.9597,6
-0.66196,-4.9444,10
0.68685,5.032,11
6.2685,-4.7738,4
-3.7788,7.2893,12
-2.2998,-1.7339,12
0.42815,6.0826,1
3.637,-0.92323,2
0.9803,1.922,7
-6.1642,1.8292,3
6.1216,6.4189,5
6.1794,-0.058174,7
-6.6371,-9.4124,6
1.7091,-4.1018,2
8.8343,2.8299,5
-1.8604,7.7431,12
-0.98962,-5.2428,10
-7.7953,-3.5643,10
6.6757,2.1213,5
-1.7942,4.8861,12
3.2656,-5.0077,4
-2.3856,3.725,12
-5.7888,-0.033558,10
2.8245,2.8717,1
-2.6129,-11.59,6
2.4598,-4.1599,2
-2.8698,-0.76788,10
-2.0526,-12.436,6
-7.4502,2.7321,3
0.33259,3.2448,12
-6.9673,-7.1142,6
10.048,-4.4091,4
4.0276,-0.54639,7
0.35754,5.2174,12
11.156,-0.1921,4
-1.5291,6.5798,9
-3.3226,0.59588,12
-1.0444,-0.62704,2
3.6268,-7.7764,2
3.4676,-4.8275,4
2.6996,-5.5179,2
3.2584,-0.82425,7
0.56688,6.6096,12
-3.2407,1.7087,3
-8.0034,0.64641,3
5.4451,3.4525,1
0.20826,4.5894,11
-4.2852,5.5587,12
4.145,-8.3918,8
1.2874,1.3744,12
3.2304,8.0672,11
3.9701,5.555,1
-2.2156,-2.3628,10
-7.3499,6.6568,9
-1.6879,-1.2286,10
-4.6133,-3.3104,10
-7.3184,-15.587,6
3.18,0.54952,7
-3.4355,-5.5642,10
6.812,4.1483,5
-11.15,-9.5933,6
1.5084,-2.5207,10
-0.63184,8.1283,11
-2.2733,-8.2013,6
3.0065,-1.7664,7
9.0527,-6.3771,8
-5.4032,-1.9694,6
-4.1759,2.6234,3
-2.3181,-3.8205,10
4.7333,-3.9877,4
9.8312,-4.6377,4
2.2902,4.0212,1
-3.9013,-5.7103,10
11.376,-2.9029,4
-5.7589,1.8801,3
-3.6306,1.3384,3
-1.9789,4.0073,3
10.973,-0.50119,4
2.4284,1.5515,5
-8.1345,-9.4132,6
-2.195,3.3744,12
9.0579,-5.5769,4
0.35053,-8.4559,10
-1.2773,-5.3715,10
0.45772,3.8228,3
-3.7106,0.064264,3
0.28985,-12.21,6
4.6563,4.8727,1
-2.6995,-6.5479,6
-6.0766,-0.39988,3
-2.9382,-14.985,6
-2.8028,-12.509,6
9.7448,-2.4928,4
1.8155,8.0194,11
7.1713,1.183,1
-7.3469,4.2691,9
2.5646,8.8612,11
-5.7137,0.90498,3
0.92335,-6.8533,10
-5.3769,-9.1428,6
7.353,-6.7019,8
4.8058,-6.983,8
-0.78422,6.6054,11
-5.3752,-12.874,6
-4.2163,4.0848,3
-0.23828,-3.9153,2
3.1939,0.3537,7
-3.622,-7.0351,6
0.44503,8.4989,11
2.0112,3.15,12
-3.0004,-2.6784,6
-4.252,-8.4324,6
-1.7277,6.262,12
6.2197,-3.488,2
-0.34026,11.184,9
4.2598,2.1328,1
-5.3604,-11.185,6
0.049473,-14.516,6
0.73778,-3.277,8
9.1802,4.698,5
-6.3071,3.3667,3
0.7438,7.8067,12
10.128,1.3584,4
4.6676,-2.7962,8
2.5929,8.8556,11
5.9308,3.4454,5
2.0011,9.8166,9
0.039155,5.6922,12
9.0722,-3.1843,4
4.4279,-2.9011,2
-2.9543,4.1993,3
12.118,-5.351,4
6.5649,-5.2175,4
5.5974,0.86896,12
1.9552,3.6545,1
-1.1957,8.8467,9
-6.9906,-11.611,6
9.5664,2.5793,5
0.54319,-8.3799,10
5.2421,6.8038,1
-3.137,4.4574,12
-0.76329,-5.4937,10
6.2124,-3.096,2
4.4464,2.7164,7
4.3554,-1.5397,4
-4.0075,-7.6987,10
-0.52405,10.086,9
4.6857,-0.613,7
-0.32069,11.894,11
3.4754,2.5024,1
2.3965,8.2422,11
1.7832,-3.5326,2
0.98629,-3.1142,2
-2.0809,-3.4145,10
9.2461,-6.2758,8
3.719,4.6258,1
9.7211,3.1866,5
5.6223,3.088,5
8.6755,-4.7317,4
-4.8349,-10.722,6
-3.137,3.4733,7
3.6531,4.1218,1
-2.7229,-13.627,6
5.2181,-3.4288,2
4.4406,2.7541,7
5.3948,0.16276,5
2.8334,1.0417,2
-6.9431,0.74429,3
10.006,2.7353,5
-7.0078,-10.428,6
-2.7937,-0.090943,12
0.70278,6.4012,11
0.54113,5.1236,11
-6.0651,-5.3223,10
1.2176,2.9216,12
-4.8761,-11.871,6
-1.1466,-11.275,6
5.5352,-4.6232,8
8.5144,4.9086,1
-0.26888,2.3374,12
8.769,1.0294,5
-4.747,2.2938,3
-2.1225,-9.4758,6
6.8527,1.1575,5
-1.4742,5.9259,12
4.6366,4.7098,1
-7.8121,10.453,9
3.1632,9.3823,11
4.2473,0.33104,2
3.9035,-4.8432,2
4.1669,-0.53226,7
-3.6482,-12.532,6
9.6074,-0.3086,5
7.542,1.4987,4
-1.5051,2.2411,12
4.046,1.9133,1
-9.4427,6.6361,9
0.60081,-0.74364,7
-1.5636,0.69464,3
-5.7713,-8.5293,6
-3.9091,-8.0684,6
10.01,0.95959,5
-2.225,9.9906,9
3.2351,1.4665,7
5.976,5.533,1
-2.3406,7.51,11
6.039,-3.5942,8
8.2401,2.314,5
2.5765,4.2132,1
-7.3634,-10.873,6
1.4346,-10.793,6
0.10462,3.6903,12
-2.5286,10.482,9
-5.3299,-5.3512,6
6.6925,2.269,5
3.651,-6.5689,8
-0.42299,-0.83275,7
1.8055,4.8311,7
4.3323,-5.3869,8
-1.0179,8.4204,9
6.861,-5.3418,2
0.51689,2.5733,7
4.0364,-3.3382,2
1.5678,-3.1624,7
0.8993,11.922,11
-0.64866,3.4334,12
-5.8921,8.9031,9
-0.54579,7.0472,9
3.6003,5.8671,11
2.816,-1.2289,2
-7.067,-10.441,6
8.8428,2.6367,5
5.8347,2.6312,1
4.0975,3.516,1
-3.8745,-12.682,6
1.5067,7.4665,11
5.9119,-12.562,8
6.9385,-3.568,4
0.082973,8.2412,9
-7.8422,-5.8006,6
-0.34537,2.1144,4
3.9398,-0.53739,4
5.2537,-1.4313,4
-4.8938,-9.0659,6
2.4471,4.1589,1
6.3737,-2.5783,4
-2.3133,1.9312,12
4.6867,2.6542,7
-4.5562,-11.843,6
0.86588,7.3578,12
-0.35324,9.4316,9
0.21804,8.601,12
-1.6704,-6.3903,10
8.3523,-10.657,8
5.2093,4.9589,5
6.8772,2.4648,5
-3.8644,-3.4922,10
-3.794,-13.46,6
6.0362,-3.765,4
3.7202,-4.7279,4
0.71772,6.803,11
-2.1489,0.33325,7
1.9906,7.0606,11
3.6941,-11.052,8
-1.3884,0.17604,7
-4.6347,8.5126,9
-4.4356,10.319,9
-5.5793,-7.2957,6
1.6033,-2.8717,2
-7.5421,-2.0593,3
-5.9349,-10.283,6
-3.4478,-12.484,6
-6.5433,-2.1571,10
-1.8938,-2.666,7
6.51,-9.6934,8
10.934,-3.119,8
-2.9502,3.3313,12
-5.5322,-2.6209,6
4.3636,-3.2028,4
4.4962,-0.46469,4
-2.2348,7.1374,9
-4.1917,-5.3408,10
3.6285,2.748,5
-2.513,8.3441,9
5.8566,-9.8776,8
-2.1896,3.1008,3
-5.0989,-10.282,6
4.3755,8.2406,11
-5.5687,-10.55,6
4.4177,-8.3086,8
8.6146,-0.65369,4
2.5843,3.9464,12
8.4283,-3.8527,4
2.1195,-6.416,2
-1.1892,6.6467,12
1.4781,3.4187,9
-5.1949,-4.5365,10
-3.3442,-7.5442,10
-0.23915,-2.062,10
1.6541,-9.5026,2
6.2138,-7.4326,8
4.2679,-6.0465,2
-0.57187,-7.3115,6
-6.4835,3.4585,3
-4.0905,-10.298,6
-3.2294,-8.3195,6
9.7118,0.96765,5
9.5752,4.3597,5
-0.10417,0.76667,7
-11.715,-7.5511,6
9.8724,-4.6756,8
3.6684,-5.4088,2
-2.5036,-5.853,10
8.3632,-1.6715,4
5.6695,-3.626,4
-4.0776,7.6611,11
12.182,-14.867,8
0.3374,-1.2385,7
9.3631,-0.93873,4
-2.7095,7.569,12
-8.2134,-7.0709,6
4.7263,4.4473,7
5.4353,2.9407,5
-1.4981,-1.3707,10
4.1487,-6.6037,8
-4.717,10.867,9
4.1045,-0.047988,7
-3.487,4.3674,12
-0.75674,7.9355,11
6.2252,-5.3558,2
6.6722,-10.014,8
3.7653,5.9408,1
9.7507,-5.9128,4
3.0451,11.208,11
-3.3189,-5.1023,10
-0.13627,-3.8631,10
-2.8707,9.5854,9
-1.3531,-4.1387,7
5.3457,-2.1485,7
6.5601,2.4311,5
1.9497,6.3351,12
-0.94648,7.2094,11
-0.29824,-4.7169,10
8.9702,-3.2471,8
10.902,-2.7705,4
1.9942,8.1016,11
-5.5928,-5.2188,6
7.1174,-0.41437,5
-4.8565,-8.5509,6
-1.4515,8.4788,12
2.0894,-4.7204,7
0.74305,2.0906,7
-3.684,-3.3871,7
-3.6811,-7.8978,6
-6.4343,-10.212,6
2.7502,2.0318,7
13.395,0.92659,5
-4.8596,-9.3802,10
-3.0835,-9.6565,6
-0.39611,-2.2397,10
-4.1598,0.97854,3
-2.9579,-8.398,10
10.532,-5.0721,8
2.1602,-5.711,2
5.8748,2.8954,5
4.5939,-5.3892,8
1.7073,3.2625,11
-1.3793,4.0975,12
-3.6898,2.7585,3
2.8109,-3.4514,7
2.8838,4.5288,1
-4.3301,3.0191,3
6.0644,-2.5334,2
-1.2084,3.0909,11
2.3944,8.1249,9
3.8338,5.9677,1
9.1951,-7.5159,8
4.2448,2.8273,5
-9.4706,-7.7552,6
-0.83516,-4.3996,10
-0.48714,1.2775,7
1.5317,-6.1381,10
-4.9,6.9623,9
-3.3954,4.8287,12
-1.8236,3.4346,12
3.0855,6.4971,9
1.4279,-5.8487,2
-2.7955,-12.485,6
6.8713,-4.3135,8
10.112,-5.6613,4
3.2641,6.3999,11
-4.376,2.1401,3
4.2198,-5.4389,2
6.2474,-2.8131,4
3.0412,-0.15882,12
-9.1576,1.2151,3
-0.17011,-2.1621,7
5.2442,-0.20105,4
-3.0737,-2.6113,10
-4.6442,4.0037,3
11.399,-2.2652,4
-3.6402,-6.5487,10
3.5043,4.7608,1
4.4023,-6.6406,2
-7.4258,4.1108,3
0.76496,-1.9354,12
1.495,-3.4996,7
-4.0046,10.224,9
4.2818,5.1266,1
6.9229,-8.1171,8
-4.4885,2.5771,3
9.4526,-3.0468,4
0.35701,-4.1091,10
-7.4145,-6.6633,6
1.6081,9.9591,11
-3.2052,7.1454,11
3.0214,2.7462,7
8.6865,-9.7902,8
-1.7152,5.6772,12
-1.964,2.0298,12
-8.4975,-7.215,6
2.6311,-0.86075,2
9.1508,-9.805,8
1.677,-0.49693,4
2.5448,-4.2145,2
-4.5311,-11.571,6
-1.2299,-10.028,10
-3.4109,-7.0591,10
-0.1368,5.8459,3
6.915,-4.23,4
-2.915,-4.9141,10
-1.2229,4.5966,12
7.8456,2.3683,5
-2.5152,-5.0842,10
1.925,-0.024637,7
1.0616,-6.0024,2
3.0198,-0.62227,7
0.38415,-4.8397,2
4.6969,-5.3738,8
-0.50237,12.046,9
-2.929,-12.494,6
8.4755,-3.1042,8
4.6222,6.9495,1
-1.5163,5.6047,12
-3.0864,5.1067,12
1.7114,-1.182,7
1.8739,5.1372,11
-5.138,-7.4787,6
-2.134,-3.9215,10
-3.3735,7.341,11
-6.2618,-9.061,6
-0.26115,6.0856,11
10.323,-3.6475,8
-6.1676,-6.3564,6
-3.645,-4.4452,6
4.5714,-2.6829,8
7.6575,-10.902,4
-4.9553,2.8199,3
3.3826,-3.2119,4
-2.6498,7.0457,9
1.0179,3.5654,3
3.6685,-3.712,10
-1.1077,3.5709,7
7.5813,-10.243,8
-3.8872,-2.4745,3
1.5117,-0.25933,7
6.0628,3.2334,4
10.192,-7.4029,4
1.6858,3.9077,12
8.6309,1.0376,4
-1.7212,-6.2978,10
2.6145,-1.6707,7
-4.1866,1.2615,3
-5.4642,6.8612,9
3.2186,-1.0075,7
7.7978,-3.3139,4
4.6112,6.3393,1
6.9748,0.24291,4
-6.4509,-5.9064,6
2.7632,-5.2352,8
5.7185,-10.318,8
-6.0797,10.067,9
5.0481,6.4879,1
2.4169,0.092258,7
-5.1145,8.787,9
-3.1771,-2.2638,10
-6.659,0.12803,3
-1.6702,-5.1061,7
-5.8769,4.5872,12
5.1865,1.5029,1
2.513,6.8739,1
8.4649,-1.0477,4
5.8798,-4.9422,2
-0.86247,-3.2072,10
-0.15943,13.917,9
-4.7538,-13.107,6
-0.21914,8.9994,11
7.9404,-8.5244,4
-3.1446,2.9138,3
4.883,-10.384,8
1.3647,-3.4751,2
5.0984,-8.628,8
-6.8771,8.1794,9
4.4479,1.2059,7
10.23,-2.1429,4
1.1248,7.1171,11
-6.871,-11,6
1.6761,-1.1303,4
9.3238,-8.2596,8
-0.815,1.8058,3
-0.36346,9.6454,12
-2.2641,6.9138,11
-4.5367,-0.32625,3
-4.8877,6.8355,9
5.4134,-4.7409,8
4.1397,5.3676,1
-1.5892,6.4603,9
2.2869,-4.9643,2
7.5089,2.1989,5
9.2097,2.5818,4
-4.113,-9.2238,10
3.2829,-1.6159,7
1.1264,10.397,11
8.4285,-4.6209,4
6.0939,-2.315,2
1.5209,2.6886,12
6.9272,-8.2476,8
-2.0227,10.35,9
4.4659,-2.5385,2
6.8719,-3.4353,4
2.8347,-2.0693,7
10.538,-0.2079,5
7.367,-1.514,5
-0.87109,4.0116,12
0.82732,8.7071,9
-5.7453,-7.0313,6
-1.4563,1.075,7
-8.0282,-6.6355,6
-3.6419,3.868,3
-2.8907,-6.3263,10
3.4796,-8.3919,2
3.5551,-4.6869,4
-3.525,-3.1163,10
3.331,-4.7269,2
2.3134,7.8282,12
-0.85887,0.47651,3
-8.626,-9.6031,6
2.6704,2.0757,1
2.2082,8.78,12
5.0861,-2.3591,4
0.64451,5.02,12
-1.9263,-15.765,6
0.71478,-1.1093,7
1.8615,5.9143,12
-4.6919,-15.928,6
1.3588,-6.2425,4
2.6165,2.5983,1
-8.3022,4.3762,3
8.7969,1.4514,5
2.642,6.737,11
2.4689,-7.1179,10
3.5171,-5.3316,4
8.2805,-8.6993,8
0.95772,-7.4193,2
4.382,-7.6133,2
-0.99241,9.2434,9
11.546,-2.7571,4
0.38394,3.6367,12
3.3968,-4.7249,2
7.2975,-7.5745,4
-1.0456,-5.8436,2
3.0614,5.3572,1
-0.0079857,-3.9426,2
-4.4113,1.248,3
1.3032,6.3687,11
0.41049,-0.9028,2
8.0059,5.4087,5
1.9965,8.5706,11
-4.559,-8.3853,6
-2.0294,-2.9907,6
-0.32247,4.2901,1
0.44894,-4.2014,2
5.9824,-1.465,4
-1.4073,3.7462,12
1.8882,8.2635,11
1.2394,4.353,7
-2.038,1.1744,12
2.6204,9.0834,11
-3.3396,-8.6675,6
-2.4253,12.276,9
-3.0903,-6.19,10
-1.7923,2.4344,3
5.2669,2.0473,1
1.2777,10.409,11
6.0593,-5.3369,4
6.4814,-4.1694,8
-5.6882,-4.9333,10
1.578,7.6562,12
7.2745,-8.2116,4
1.799,5.9206,3
-2.8817,-5.247,6
1.6401,-0.19695,4
-4.0759,0.58077,3
10.611,-4.7533,4
2.2794,11.018,11
7.8201,2.0887,5
2.2539,9.0728,11
7.9253,1.6887,5
-4.3765,3.7771,12
5.0119,-2.7287,2
-3.3971,-10.898,6
3.6763,3.0029,1
2.6852,8.1225,12
-6.3139,5.4782,3
-0.13702,8.3373,11
8.2489,-6.4478,8
3.6237,-6.8701,4
1.1167,-4.7224,10
8.2361,1.0245,5
-4.2809,8.02,9
7.2963,-3.5917,4
4.3089,2.7156,7
2.913,-0.5372,7
1.2914,-4.6733,2
-6.4384,-2.5408,10
-2.3992,-7.2554,10
9.6121,-7.6303,8
-1.3363,-8.0719,10
-3.4704,-13.699,6
5.8888,-1.2297,5
6.2792,-11.838,8
6.8315,2.1806,5
0.60922,-0.83983,2
1.0947,-5.0607,2
-3.972,1.9657,3
1.4996,7.3635,11
6.2679,0.3757,5
-1.1269,1.5093,3
5.7561,-3.576,2
-0.22992,2.5248,3
-0.57836,3.4382,3
2.2791,-2.6497,7
5.2674,-4.878,4
7.5196,-2.0844,4
-1.2898,-6.1579,2
6.9609,4.3114,5
-5.2653,-9.2083,6
10.531,3.6797,4
6.5767,-9.9475,8
6.3955,-3.9766,2
-1.5273,-3.9113,6
4.2903,-6.6497,2
0.43196,-7.1339,10
-0.81096,-5.7789,6
-1.5541,-3.2291,10
6.5451,-1.099,4
-1.3176,6.261,9
-1.5552,3.4391,12
7.5743,-10.699,8
-1.0631,8.1652,9
4.0172,-2.7365,2
10.803,-5.6017,8
-6.7519,-7.8226,6
-5.0354,-0.38237,3
5.7095,-8.019,8
1.0304,5.6803,12
-3.841,12.151,9
1.6338,-2.1864,10
2.9278,5.7249,1
5.8727,1.4806,7
-8.0521,5.2267,9
-3.5142,5.7875,9
3.0678,1.3172,7
1.8144,1.9546,1
3.6416,6.7617,11
-1.5933,10.41,11
2.4652,-0.68114,2
-1.0661,3.5153,12
4.0767,7.6196,11
4.6847,7.0116,1
-2.0442,1.2309,3
7.2786,4.7131,1
0.44773,5.3565,11
3.205,-2.4987,2
-1.4619,-0.098072,12
5.2789,-9.2319,8
9.1131,-4.1288,4
3.2317,6.236,11
3.8282,-9.8726,8
7.6888,-7.0842,4
-2.8548,-6.5093,10
-0.53409,4.3102,12
11.03,1.2065,5
-7.2192,-8.7734,6
6.1224,-3.0403,2
-2.2646,-4.763,10
2.5791,5.0196,1
10.734,2.5434,5
7.8761,1.5925,5
8.6911,-7.0574,8
6.0575,-1.9544,4
-1.5673,10.115,9
-1.5922,3.6242,12
-4.3284,-8.9861,6
-1.2248,8.0194,11
11.516,-4.6008,4
5.5398,-4.1108,4
-7.501,-1.8114,6
-6.6836,-9.4991,6
8.3507,-7.8766,4
-6.8369,5.6893,9
-1.5577,9.5503,12
-5.0088,-9.0292,6
3.9702,-1.7176,2
2.3075,-13.208,6
7.5058,1.1837,5
5.8982,-0.92527,4
-6.9666,-1.229,3
8.9206,-9.2174,8
-4.3075,2.341,12
8.9787,2.3288,5
-2.9691,-1.8646,10
3.434,8.0592,11
6.3708,3.0407,5
-0.96604,-0.2413,12
2.3746,6.3229,1
-2.7451,4.9438,12
6.9859,8.6154,11
1.3429,3.1151,12
0.7672,-6.8246,10
-5.2621,1.0133,3
2.5907,1.1626,7
16.168,-1.1583,5
-2.7628,7.2809,9
11.069,-4.1653,8
10.055,1.7758,5
2.8614,-8.3301,2
3.8651,4.0675,1
9.6226,3.5064,5
9.0123,-12.321,8
-4.4996,4.6641,12
15.195,4.4059,5
-4.1112,8.3755,12
8.0909,1.7045,5
3.5957,-3.476,2
-3.3351,-12.773,6
-4.2344,-10.766,6
0.896,9.8631,11
-3.1096,1.5605,3
1.6068,-3.2796,4
7.3995,-0.32177,4
-4.8388,-8.2128,10
-4.8518,-5.7652,6
2.8873,-3.7223,4
-3.8111,8.2285,9
0.32276,6.3196,12
-1.7281,5.0467,12
2.0664,4.6019,7
2.1124,-3.0647,2
1.569,3.3379,7
-2.6026,4.192,12
-7.0775,1.6015,3
4.59,-4.2297,2
-7.5887,9.3023,9
-2.7518,8.7704,12
7.8487,2.5998,5
-7.5028,-10.794,6
7.3008,-0.92468,4
-3.8134,-3.3514,3
5.73,5.6398,1
-7.7429,-10.961,6
-0.73502,3.6807,12
4.1561,1.6434,5
-3.1036,2.2625,3
-3.2096,4.8928,12
-2.6179,-6.6456,10
6.6945,-3.2595,4
7.9019,0.84736,5
-3.7851,-6.8764,6
0.2676,-6.5945,10
-7.4385,-12.22,6
2.5821,0.24034,2
-5.9594,-3.9636,10
7.9139,3.1234,5
1.4336,-1.676,10
-3.0701,4.4849,3
5.2828,-2.0151,2
-3.7097,-5.2759,6
-0.71631,4.5802,12
-0.37099,-6.269,6
3.207,-1.2474,7
-4.0045,-7.6982,6
-1.7046,-3.0601,3
-4.6078,-12.288,6
6.9359,-2.257,4
2.0687,-6.7453,2
8.9121,-3.4131,4
6.3219,0.30311,4
6.7288,4.5117,1
-2.4393,4.869,12
12.135,-6.1315,4
3.7771,2.2642,5
1.5619,-2.0304,10
3.8324,-2.889,2
-5.8154,0.96744,3
-2.5063,-5.1934,10
-3.3717,-7.9073,6
2.6872,-5.4179,2
-3.3952,-8.5612,6
-5.4969,-7.358,6
0.058973,-0.85123,7
0.23568,-2.7681,7
-1.2823,-4.1982,10
-2.0161,-3.5546,10
-3.9399,-15.925,6
-5.0326,0.36195,3
-3.8213,12.709,9
9.1111,-7.6908,8
0.54876,2.3499,7
-5.8366,-6.0681,6
-1.1392,0.70266,10
-6.2773,-5.2273,6
-2.7005,10.612,9
1.3163,2.6017,7
-2.0755,3.668,12
3.1547,0.014277,4
-6.7834,-9.5648,6
-7.0676,-10.549,6
-1.3802,-9.0198,6
3.5531,4.0012,1
-4.9017,-7.0774,6
4.8104,-1.6608,7
7.0458,-1.7313,4
-2.8462,5.9288,12
0.50341,6.7743,11
1.4749,-2.9994,7
0.94343,1.5429,3
5.311,-7.0013,4
6.6913,-0.37999,4
6.9112,-4.1711,8
3.758,2.0455,5
8.7778,2.1953,5
7.3505,4.8447,1
1.127,0.54213,7
2.3994,-2.8826,4
-5.9629,0.90073,3
10.932,-8.6984,8
6.8378,-6.2159,4
-4.8222,12.462,9
9.2091,-1.0576,5
1.7,-3.5014,7
7.0957,0.24164,4
1.6074,1.1869,7
8.2716,-6.1789,8
1.2428,0.60487,5
-2.4687,-7.6424,10
-6.2977,-9.8805,6
-3.2119,-2.9263,6
-2.9653,-1.2861,3
0.17657,-5.6368,10
0.54871,-0.76865,7
6.123,-3.4558,4
4.5135,-11.951,8
-1.7119,-4.772,2
5.2813,-1.6551,4
5.0439,-4.2582,8
-2.5026,2.2252,3
9.6638,-0.21582,5
7.2945,-6.3548,8
5.2669,-3.5261,2
1.6751,4.8808,1
-4.3342,-2.9898,10
4.9399,-1.1954,7
-3.9368,5.2225,3
3.6436,6.2351,1
-4.4011,-11.025,6
6.1387,-9.062,8
11.122,-4.6808,4
2.8908,0.81467,4
5.7964,-6.6091,2
2.4759,-0.82459,2
1.1776,-2.3618,2
3.843,5.1277,1
-7.5337,-0.83226,3
2.5695,9.7116,11
9.8229,2.4368,5
1.0722,2.4922,12
-3.1589,-12.253,6
-4.6369,-5.9574,6
-4.5822,1.0033,3
-0.36471,-4.2692,10
-3.1344,10.954,9
4.122,0.48877,4
1.7988,4.9577,12
-0.10504,3.1343,11
-11.932,-9.2695,6
-5.9246,-11.667,6
-4.5924,0.4088,3
3.8104,-0.21686,12
0.40768,-6.1236,2
7.3301,5.0582,1
9.5224,8.8613,11
-3.4882,3.8791,12
5.0884,-8.9748,8
-3.7374,5.9933,9
-1.652,8.9597,11
5.298,-4.5863,4
2.5648,-5.6179,7
-2.3451,1.7633,12
-4.2569,-4.1222,10
-5.4116,-7.4382,6
-3.794,5.6804,12
8.1399,-1.5543,4
-0.79983,1.3439,7
4.7869,-5.9554,8
1.3368,8.9725,11
6.7054,7.5238,1
-8.6447,7.8208,9
2.1832,-4.7466,2
6.0125,-3.7481,8
10.489,2.1049,5
6.2402,-3.5732,4
12.404,-6.6525,8
-3.673,1.2285,3
9.7159,-9.851,8
-0.17336,8.8759,11
-6.7083,-6.0472,10
-1.4646,10.395,9
5.5135,1.7546,7
-3.8601,-9.3414,6
-5.7393,-4.9848,10
4.2774,-2.1289,4
-1.4552,-7.6973,10
5.3262,3.6036,7
10.776,4.2677,5
3.5742,-2.0081,7
4.5561,-2.3319,4
-8.1717,-12.749,6
-0.32615,-1.9813,12
-3.2588,8.6929,9
8.5362,-3.1579,4
2.7232,-1.6629,7
-4.1159,-7.1765,6
6.5052,4.2595,1
5.8558,-6.6561,8
6.1435,-3.0693,2
1.6162,-2.815,2
-2.1299,3.0003,12
4.5247,6.0425,1
-6.2172,5.6661,9
3.6246,-3.6678,8
3.3801,-4.378,10
6.6947,10.047,11
4.3937,-6.9231,8
-1.3547,5.1606,12
-7.7216,-8.8071,6
2.0331,-1.3646,7
6.2601,-3.0087,2
-0.82714,3.5879,12
-3.4043,2.5337,3
-0.9947,-2.6802,10
-9.0236,-0.77491,3
9.8595,3.3087,5
-1.0152,-8.69,6
0.52165,-5.7417,6
-7.5249,-2.4938,3
4.8866,2.55,5
-4.0215,-8.8505,6
-10.208,-5.0233,6
7.5075,2.8396,5
-0.74115,-3.0639,10
1.5683,11.945,9
-2.0975,-6.9407,10
-10.741,-10.839,6
6.892,-5.2248,8
4.5156,7.6894,1
-5.2436,3.7599,9
-1.4522,-9.6384,6
-4.8204,4.959,12
-2.3787,0.014154,12
0.92677,0.35005,7
-5.7782,-6.7102,6
1.936,-2.8742,7
7.2826,-0.6335,2
6.791,-4.1539,4
3.8093,-11.048,8
9.2532,-3.8659,8
4.5714,-8.8888,8
6.3135,3.6625,7
6.0403,0.75379,1
6.6691,-3.5668,4
-6.8956,-7.6096,6
2.3083,0.35842,7
5.0515,-1.1756,7
-7.2695,9.7832,9
-4.088,10.038,9
12.588,5.2408,5
7.4776,-6.8409,4
5.1799,7.4456,1
-0.39028,3.648,12
-3.8677,-5.1872,6
8.1918,0.19522,4
-8.5959,5.2407,12
-3.4945,-11.099,6
-5.3013,-10.074,6
8.1889,-4.3052,4
8.0265,0.62349,5
7.6405,2.5909,5
-2.7669,0.26685,12
-1.505,9.0684,11
5.4501,-1.934,2
4.8732,1.0526,4
9.0742,5.9881,5
6.8267,0.60998,5
6.3252,-1.4799,4
1.3042,-1.6762,2
-6.8314,-9.9174,6
0.37454,-7.0719,2
7.399,-4.8286,4
0.59111,6.3195,11
3.2073,-1.2236,7
8.0436,8.9579,1
2.1811,-3.7523,2
10.516,2.2452,5
3.3723,-3.4206,10
1.8914,-4.6667,2
5.0904,-10.204,8
-3.2723,-2.8297,6
-0.9655,-4.8577,2
0.36787,-2.8404,12
-4.5086,-9.4084,6
1.9025,5.3733,11
3.5027,-4.3386,2
0.00054178,-5.1137,10
-7.8021,-1.6904,10
-1.0363,-8.5986,6
0.16509,-5.101,10
2.8013,-4.0917,2
6.7752,-1.9915,4
8.6645,5.9352,5
6.3948,-7.1073,2
1.0888,5.4217,12
-0.13897,7.3846,11
-4.7891,-16.475,6
6.5441,6.7602,1
9.8111,-7.0592,8
7.9367,0.17594,5
5.8404,5.7488,1
2.4823,-5.3198,2
-1.712,9.4452,9
9.2537,-4.185,4
0.13441,10.556,9
6.0117,-4.1931,4
-6.2222,-2.5246,10
0.25433,4.1772,12
-1.7476,1.7346,3
7.0597,-2.3465,8
1.0962,-5.3983,10
2.2118,5.4855,12
-2.1675,9.1687,12
-6.0039,-3.8311,6
-1.9163,1.1631,3
-2.8685,9.944,9
-2.2184,1.9121,10
-4.9993,-13.76,6
-2.6773,5.0938,3
6.3945,-1.1605,4
9.3103,-5.0339,4
5.8568,-7.3052,8
1.2563,3.1762,12
5.773,1.3893,7
4.3432,3.2624,1
-3.9131,6.7963,11
8.6352,2.3758,5
0.77337,7.7132,1
7.9341,-0.81395,4
7.0324,0.29036,5
10.999,-10.897,8
6.6647,-6.6868,4
-8.4212,-11.608,6
-2.8145,-3.4725,10
9.1303,-1.8436,4
1.1631,5.1635,12
4.7804,-5.8165,2
4.0535,5.5696,7
-0.28123,4.1033,3
7.0095,0.23065,5
4.4279,8.4529,11
3.0078,0.7133,2
1.0894,-4.0927,2
-3.1585,2.7553,3
3.8499,1.8014,1
5.7085,-8.6789,8
12.188,-5.9855,4
7.4507,-11.532,8
-4.1344,-11.75,6
-1.6604,5.7045,11
3.3457,-6.8894,10
-0.85568,0.1374,12
4.2421,-3.7658,8
4.7407,0.50842,7
-2.934,-2.9001,7
-0.69862,-1.019,10
8.2386,-7.7149,8
-7.5498,-9.5927,6
3.2919,3.6375,1
-2.3961,-7.9012,10
9.0424,3.6409,5
5.2328,-3.0437,2
-0.53616,1.3843,10
-5.7497,-8.7359,6
12.781,-6.3518,8
0.18396,2.2631,12
4.7131,8.5199,11
-0.67026,-2.8174,4
1.5638,7.4107,11
-1.2403,-11.628,10
-1.2046,-5.298,7
11.498,0.042309,5
-5.1387,-10.559,6
4.4565,-2.5691,8
-5.2343,12.974,9
3.1001,6.0258,1
-4.0739,0.87449,3
8.4001,1.4403,5
-2.6816,9.4074,9
-5.06,7.6808,12
-0.59133,-6.391,10
6.6196,3.5032,2
-1.2008,-1.6523,7
-6.7329,1.8796,3
3.0254,-2.1664,2
1.1485,1.2639,12
1.4818,-2.9655,2
-4.4839,6.0665,9
-5.5514,-10.953,6
3.632,-2.0878,2
1.9927,2.8068,12
-5.0686,-10.44,6
-6.9386,1.7322,3
11.057,-8.1179,8
1.3823,5.7609,11
-1.4199,-5.4558,10
2.5175,3.8685,7
5.8942,3.1818,5
1.8677,9.3805,11
2.2821,-6.7274,2
6.8043,-6.5933,4
4.0291,-2.1905,2
2.1792,2.3794,7
-1.6861,-5.4647,10
2.1889,5.721,1
2.1582,-4.6866,10
0.51431,7.1352,3
3.7052,7.2472,11
9.0255,-7.0399,8
-3.3064,-9.7265,6
-5.8458,6.5111,9
-2.4564,6.8751,12
-3.1152,-3.7723,10
1.0073,2.8923,12
8.4532,0.25891,5
1.9879,-3.3135,12
10.4,-0.58209,5
6.2365,-1.0039,4
7.4745,-8.4973,8
1.9915,9.3778,11
2.472,-2.8306,4
4.1482,-2.4696,4
-0.75912,4.7812,12
-10.92,6.8601,9
6.2652,0.69893,7
-6.2444,8.2558,9
-3.0808,-9.831,6
-8.9147,9.6967,9
2.243,-5.5916,10
0.81054,6.7164,11
-5.5805,4.1056,3
-0.32838,1.0921,12
2.6131,6.1143,1
-3.8916,2.3193,3
0.28554,5.0083,12
4.7064,-1.0343,4
5.7799,0.73352,5
1.2481,-4.3354,2
2.9111,-3.8157,4
12.286,-8.3039,8
-2.8375,-7.0898,6
9.3368,-8.2346,4
1.0806,-5.3115,2
7.6646,-13.237,8
6.6698,-5.8612,4
8.0216,-5.7264,8
-1.6892,4.1059,3
3.8539,0.45144,7
-5.0243,-7.7802,6
5.5269,-5.7543,2
-1.727,3.7303,12
0.17843,3.4589,12
6.0625,-8.6075,4
-4.6231,11.819,9
7.8855,-5.8915,8
7.597,-2.7263,4
-2.6498,3.7828,3
2.9673,7.6673,1
-5.0682,4.208,3
5.17,4.473,1
2.7936,-8.6529,8
1.6993,3.5793,12
-4.2406,-8.6727,6
1.6345,-9.6742,8
2.4652,-4.5397,10
10.021,-8.5175,8
6.5101,-0.59431,5
2.6394,7.0923,1
1.7476,8.5004,11
-6.9766,-2.472,3
1.8575,8.4149,11
9.0669,1.0442,5
2.9207,-2.2622,2
0.21802,10.223,11
4.6976,3.7338,5
-0.87754,5.0099,12
9.4051,0.8581,5
-2.315,-8.8337,10
7.2985,-6.1645,8
3.4538,4.5726,1
6.0899,2.7113,5
-5.4816,1.0205,3
2.3083,2.4123,5
1.3828,-1.7007,10
-6.725,2.996,3
-6.8057,-6.8376,10
7.6846,-1.2919,4
2.2462,-1.1104,4
10.131,-6.0202,4
-1.5672,6.7206,9
-5.1796,10.894,11
9.8805,4.555,5
4.2801,-7.7961,8
-1.2053,4.5445,1
0.47159,-6.0379,10
0.36407,6.6436,12
3.7229,-2.249,8
2.3874,2.6628,12
8.5971,-7.038,4
1.1283,-0.13928,7
5.1167,8.3589,1
-6.3453,-10.145,6
-0.78851,6.994,12
7.6363,-8.8673,4
10.15,-4.6779,4
7.3359,5.232,1
-4.8941,-3.4436,10
0.09476,1.0715,7
7.7585,2.7793,5
0.39534,10.044,11
1.6409,-10.956,2
-7.3183,-2.9691,10
5.7013,-3.5789,8
-3.5789,6.3826,3
-0.64315,-4.4882,10
-4.7815,-7.3415,6
-3.6078,-8.5441,6
3.5664,-5.3705,2
2.286,-5.6375,2
-1.1451,-9.58,10
2.9674,-7.8784,2
4.8881,8.6187,11
2.3264,-4.2464,2
-4.2352,-10.284,6
7.8329,-4.277,8
-0.79486,-7.1424,10
-3.089,11.193,9
-3.1247,1.3972,12
7.5932,0.32504,5
10.183,-0.97493,4
3.5994,7.7943,1
7.5158,-0.493,4
7.6131,0.60764,5
1.6771,0.13832,7
-7.6544,-16.559,6
-5.416,10.468,9
-1.2393,6.3618,3
-3.5922,3.1495,12
-3.5129,-4.6675,10
-6.0852,-2.1843,6
4.694,4.7607,1
-1.5745,10.548,9
2.8936,-6.9136,4
-2.1629,2.0348,11
-5.9008,1.1627,3
6.8399,3.9885,1
-6.6542,0.51901,3
6.2802,3.6641,1
9.6924,-3.9877,4
0.61385,3.9298,1
2.0316,-2.9451,2
-5.515,-3.6339,6
0.94031,8.1385,11
-1.4675,0.0068341,7
1.2019,-5.8596,2
-1.3031,6.5788,12
6.4397,-1.6221,5
2.6597,-5.3392,2
-4.3604,2.0491,3
0.03869,-1.4006,7
3.0707,-11.988,8
5.2002,-8.0276,2
13.679,-2.8972,4
2.0565,-3.0425,2
-0.27518,-8.8094,10
1.4065,-3.2349,2
2.0915,-2.9759,8
-5.9909,-10.096,6
3.7371,4.1194,1
2.8899,13.058,11
10.983,-2.2816,4
2.2753,5.4915,1
-0.95966,8.2278,11
-6.4724,-1.7711,3
4.4529,0.60883,7
6.4211,-4.8486,4
5.8282,2.7304,5
3.8776,-2.0782,2
10.69,-5.8053,4
9.1013,0.85098,5
6.2651,4.123,5
-2.4271,8.171,9
-0.81752,1.9764,12
3.5981,2.7593,7
-5.5443,8.6603,9
1.6889,7.6982,11
4.2814,0.71234,1
0.65289,5.1764,12
5.7718,5.8753,1
4.863,1.2594,7
2.0325,3.9203,7
-2.3493,-9.9142,6
-1.539,-4.6947,10
14.148,-3.453,4
-4.687,-6.6389,10
-3.0963,3.5878,12
13.6,4.2056,5
3.14,3.1675,12
0.055443,8.9782,11
3.6428,-3.691,2
0.14114,-5.5895,10
0.91566,-3.4609,10
1.9943,-0.059322,7
-4.0653,0.85083,3
7.0851,-0.020964,4
-4.2136,-6.8122,10
2.1938,-8.9268,8
-5.3129,4.8337,3
6.7478,3.7175,5
8.6607,1.8284,5
3.3453,-7.5352,10
4.0241,-0.62897,7
4.5427,-3.6756,2
1.0218,-5.2809,2
-2.1019,0.074233,3
-5.5239,-2.7348,10
2.4471,-4.7897,8
4.9018,-3.9456,2
-1.4455,5.7796,12
-6.2133,-14.894,6
-3.7528,7.596,9
-1.1851,-1.5058,7
3.8753,1.4954,12
7.5124,-1.513,4
2.7572,3.4578,12
0.81442,6.6072,1
11.399,0.67104,5
3.3356,-4.4578,2
-4.356,-13.031,6
0.5545,12.156,9
2.5213,-6.6634,10
5.2055,5.2384,1
4.266,-1.7676,4
-3.9987,9.0016,12
-5.3203,-6.5329,10
7.4763,2.0824,5
0.32953,-1.2123,3
-3.6638,-3.0584,10
-3.1137,10.919,9
5.8115,-3.3369,2
-4.2561,-5.8151,10
0.72441,-3.8295,10
-8.0257,14.893,9
6.4314,-6.1867,8
-4.0523,-0.75205,3
-5.0672,-1.2549,10
2.6659,-0.22959,5
8.4841,1.5294,5
-2.6191,-3.2791,10
2.4002,2.9099,7
-7.3365,-4.8424,6
6.0697,0.15799,5
2.0912,3.3292,1
-0.93762,0.64601,3
0.45442,-5.3405,10
7.7872,-6.376,8
7.6154,6.2207,5
1.7144,-4.8379,10
-1.4119,5.8651,12
-3.211,-4.4206,10
0.73566,10.438,11
0.87568,4.206,1
7.4152,9.2009,11
-2.1184,2.9704,12
0.40874,2.2512,7
-2.5717,-5.7697,6
10.205,-2.0455,4
-0.34516,4.2198,3
8.3855,3.6318,5
3.6703,1.7315,1
-1.4882,10.853,9
8.8977,2.352,5
12.215,2.9674,5
-4.0341,3.2194,12
2.7958,-0.74541,7
9.1333,0.62078,5
-4.199,-5.3068,10
-5.2328,-6.3561,6
3.984,-4.517,2
-1.7057,-11.144,6
-0.41481,-5.4015,10
8.1486,-1.2163,4
7.2498,-3.009,4
1.6236,-3.1937,2
-3.4785,-5.4048,6
3.9059,-10.861,4
1.2135,3.4789,12
3.1146,7.6572,1
5.8781,-4.3945,8
4.5557,-6.0682,4
-8.1041,8.5917,9
10.062,3.6636,5
-8.3358,-9.3269,6
-5.6949,-8.5343,6
-7.174,-10.808,6
-7.2662,11.465,9
-0.51741,7.5926,11
5.6549,-4.1416,4
-2.5322,6.5276,12
-3.3798,-5.8785,6
-9.7818,-4.3796,6
7.0933,-2.7093,4
-10.393,-10.891,6
5.7127,-5.7378,8
-5.4435,7.1914,12
-4.2077,-7.4992,10
-0.81525,2.3119,12
7.6363,-7.1154,8
3.6275,-0.23642,7
-4.8476,1.185,3
-6.4447,6.1005,12
2.6011,3.8244,1
0.68444,2.9488,12
1.4099,-8.6055,8
-0.9432,-5.6608,10
-2.1737,-3.6809,10
-2.8245,2.5413,3
-8.7334,-12.094,6
4.7051,1.2304,7
-2.9274,-14.091,6
-4.4042,-1.381,6
6.831,2.8341,5
4.4953,-4.0042,2
-1.9489,1.6329,12
3.099,-7.6053,2
-0.25317,8.4686,3
1.9152,0.50961,7
3.709,4.1533,7
-10.57,-9.3322,6
-4.6172,3.4032,9
-4.0199,13.449,9
4.8115,-2.4953,2
-4.2117,6.6308,9
2.9423,-0.28265,4
4.7858,1.72,5
-2.7003,9.4986,11
-5.4158,8.0409,9
2.0904,4.7429,7
-0.01775,-0.54293,12
4.2307,-6.9129,8
1.7769,-9.281,8
10.228,-0.13645,4
2.9954,-3,2
-1.1557,0.7398,12
10.99,-0.60644,5
-4.2647,-4.8732,6
-3.522,8.1512,3
0.28473,5.0293,12
-4.6221,6.9324,9
-4.2577,12.71,9
1.7167,6.7925,11
0.11412,-3.5386,2
6.0904,4.4447,1
-6.551,-10.648,6
-2.7193,7.8425,12
8.1734,-2.4123,4
10.148,-1.6731,4
-10.04,-10.631,6
5.6602,1.2738,7
3.7267,-0.055648,7
11.987,-0.14366,4
-7.9299,-3.34,6
3.4489,2.758,1
-8.2426,-6.5934,6
-6.9542,-11.786,6
7.3418,-0.70912,4
9.6158,-1.7331,8
7.2486,-9.8775,8
-0.16185,4.4762,3
-2.5733,11.775,9
0.03256,0.30565,12
9.0656,0.50269,5
8.0773,0.15253,5
-0.48198,-6.1941,2
-4.9898,1.6147,3
5.1059,-1.5414,5
2.0342,2.4635,7
-3.3843,2.512,3
2.6968,-5.9259,4
-6.0248,-11.95,6
-5.8829,9.0657,9
9.1082,-6.5558,8
8.5308,-3.3281,8
2.7463,-5.1054,8
1.7369,-0.69178,2
7.5737,0.42448,4
7.7859,-2.3537,4
-5.1719,9.0856,9
-2.5429,-5.0372,10
6.2652,-6.0303,8
4.589,6.9409,1
6.3089,-14.392,8
2.6387,1.8328,12
7.0752,-3.4157,4
3.2957,3.7985,1
8.9244,0.67431,4
-5.1365,-10.909,6
-7.5782,-11.084,6
4.4759,-6.6727,4
-1.6764,9.8716,9
7.6094,-7.0934,8
-2.041,5.332,12
-6.1592,10.886,9
0.94745,-5.4489,7
8.6228,2.2679,5
4.062,1.2094,8
2.9075,-1.7071,4
-1.0417,5.2738,12
-3.5481,0.27136,3
2.3875,-3.8759,4
0.59854,-0.18121,7
-3.8353,8.3584,9
2.519,0.85772,4
-3.2185,8.5433,11
-0.53145,-2.8694,4
5.1158,5.7328,11
-2.4427,8.2194,11
-1.6055,9.7237,9
-4.9839,-8.8303,6
-0.12381,6.5918,11
11.451,1.7783,5
-3.26,9.5567,9
5.6612,0.98204,5
8.7429,-2.1548,4
-2.4729,11.36,9
-2.3731,-8.9007,10
-4.3546,-6.0772,10
7.5512,-0.72826,8
-4.2539,-8.0956,6
11.928,0.0025169,5
8.6525,-1.5174,4
-3.1935,-3.2439,10
-5.194,-11.821,6
-2.3905,7.0399,12
5.3991,-4.6453,8
3.3113,-5.9203,10
-0.32637,-3.4609,10
4.4126,-8.5215,2
-4.1103,5.0375,3
-0.75885,-4.0012,10
1.6493,-3.9998,8
3.0056,4.3323,1
14.587,-4.2566,4
-3.0668,1.4406,3
0.091695,5.0212,11
-0.59596,-5.8492,10
4.0749,-5.1729,4
1.8062,-2.3202,2
-5.5938,-7.5958,10
3.085,3.6652,7
-4.0148,-0.069926,3
-0.68521,5.0296,12
3.8626,-1.471,2
-1.465,-3.363,10
4.519,6.5685,1
-3.2479,-2.4383,10
0.73231,5.223,12
-7.3157,-4.6554,10
-2.6854,8.2657,3
9.141,-2.2117,7
4.4387,8.4335,1
-6.8075,-9.1481,6
-0.66822,-13.943,6
5.8578,0.83823,4
1.0966,10.881,11
4.8931,-4.6387,8
-3.4008,8.3246,12
-4.986,-6.6539,10
1.6474,-7.5222,2
7.213,-10.271,8
-4.4809,1.9819,3
7.2107,-5.5293,4
-3.1661,-4.5567,10
2.7925,0.80809,7
-3.117,-9.3472,6
-0.14456,1.6283,7
-3.4076,-11.983,6
4.3731,-4.3987,2
1.2753,11.498,11
0.76544,-11.555,6
4.4832,-6.6984,4
4.4668,3.412,1
0.25004,-4.2939,10
2.876,6.3471,1
2.7867,2.2455,12
2.0811,4.5346,1
7.3215,-10.477,8
1.6091,-6.8883,10
1.3109,4.7052,1
2.4354,4.2588,1
2.4623,-0.38621,2
-1.2819,2.4536,12
5.6589,-1.1749,4
4.4054,1.3514,7
10.163,-0.035366,4
1.6692,-1.6521,10
-1.1498,2.4612,12
-3.595,11.137,9
3.4353,-5.946,10
6.1464,10.751,11
0.23113,-8.464,6
11.408,-3.8667,4
-1.7034,5.0225,12
-6.3607,-8.3197,6
4.0023,-5.0826,8
8.5161,-6.2899,8
3.2429,-5.3668,8
11.501,-8.4736,8
4.0203,-1.072,2
-3.6535,1.5786,12
11.12,0.7232,5
-2.8522,-10.201,6
6.3959,-6.3974,2
8.5918,5.1213,1
8.451,3.4769,4
2.5675,6.2128,12
7.3439,-3.763,4
-3.9445,-3.2752,10
4.4423,-2.4947,4
-1.4559,10.095,9
9.5346,-2.3453,8
7.9767,2.4016,5
0.68968,-6.1628,8
7.7604,-2.4445,4
-0.5679,6.371,12
-7.8681,-9.7836,6
-1.7162,8.5306,12
8.5181,1.9155,4
-1.669,5.0365,7
-1.8201,-11.863,6
9.0743,-8.8742,8
-6.1034,-7.077,6
5.747,-1.3468,7
-3.1632,-3.9397,10
9.2027,-11.382,8
5.0802,-3.0747,4
2.2502,5.5545,1
12.008,1.5234,4
-2.2058,-3.0757,12
7.0525,4.579,1
3.3907,-0.45705,7
5.0659,-4.8927,4
-1.0742,7.038,12
-5.9895,4.5018,9
-4.0444,-4.7269,10
3.3858,-2.3098,2
1.6384,-3.8394,2
-0.19716,-4.996,2
-6.4329,-9.4595,6
-4.6484,10.843,9
-4.4618,5.9697,12
-0.54949,3.2869,12
3.2855,0.31103,4
-7.4083,-0.29698,3
-0.65372,10.985,9
-1.1065,-8.3713,10
3.8836,-2.3968,2
-4.3844,-12.358,6
6.6661,-9.5133,8
-7.0122,7.4861,9
6.8618,1.682,4
0.35677,-4.3107,2
8.4776,-8.5559,4
-5.605,11.104,9
4.6989,6.7986,1
-1.3081,4.3168,12
-3.9467,-1.9414,10
6.1721,0.73206,5
-2.457,0.91727,10
5.3207,3.6122,1
0.081533,-5.3958,2
-2.2189,-9.2128,6
-0.61119,-2.159,10
-4.1687,5.2581,12
-5.7249,5.9781,9
9.5241,-0.38783,5
-1.3781,-5.3099,10
3.7395,-1.52,2
-1.4951,4.7062,12
-11.007,7.4401,9
6.1712,-7.6952,8
-4.0451,9.5194,9
12.208,4.0858,5
-4.4934,7.4544,9
1.1901,-9.3844,10
0.8511,2.3758,3
-5.0652,6.3157,3
7.6373,-0.37645,4
-2.3002,-6.0133,10
0.22702,-2.609,8
5.5994,7.1428,1
-5.0901,-4.0156,10
2.2845,7.2109,11
5.8049,1.7346,4
8.1515,1.0377,4
-4.7114,-12.589,6
-0.15366,-6.034,10
0.68973,-1.8681,10
-1.2673,5.2955,12
4.8144,-3.725,5
-4.2049,4.1508,3
0.69608,2.0025,7
9.0964,-9.1561,8
-4.6283,0.37259,3
2.4436,4.5316,12
-4.6981,-12.752,6
1.5295,7.3988,1
2.8103,5.7124,12
4.6764,-0.26893,1
4.7014,1.7432,7
-4.0652,-7.8232,6
2.094,3.9179,1
3.6119,2.5898,5
6.9524,-9.2096,8
-0.96078,3.4854,12
-0.079211,4.5958,12
0.71543,-4.7496,7
4.0379,1.2588,7
2.3938,1.8983,1
3.2925,5.7943,12
8.1065,-9.6733,8
-2.0284,-2.4238,10
3.2726,3.5795,1
-5.1444,8.9749,9
-2.8511,-12.884,6
-2.1007,-3.8798,7
0.17435,-4.4351,2
4.9773,10.068,11
-5.8603,3.1055,3
3.2903,-4.7501,8
-8.4233,-10.797,6
2.6972,-2.5374,7
1.5672,2.4713,7
7.1279,-1.5528,4
-4.3983,-4.497,3
10.096,-5.639,4
-3.9204,4.1979,3
-5.0423,6.1719,9
6.2524,2.2647,5
-3.3825,4.5661,3
-4.0908,-6.6953,6
4.6796,3.9231,1
0.68995,1.1122,7
2.9132,7.1514,11
2.0196,-5.9058,4
-1.136,5.1086,12
-3.7083,-3.8147,10
-2.993,4.8454,3
-0.064713,-6.3169,10
4.9855,3.8411,5
-4.1312,12.238,9
3.5992,-0.6058,7
3.9665,-3.2676,2
11.356,-7.8442,8
2.6535,-3.701,2
4.4544,6.7142,1
4.938,-4.4843,4
-1.2423,9.3204,12
1.4242,5.9884,9
1.4251,8.1256,11
2.1246,-6.9079,2
11.337,-2.648,4
1.926,2.452,5
4.1067,-4.0574,4
5.5221,-6.2178,4
-1.2096,-2.8856,10
-2.8103,3.7394,11
-3.7139,6.1011,3
5.1514,-4.5421,4
3.3325,-0.33001,2
-7.2104,10.728,9
8.4486,-8.0295,4
-0.80443,-5.9361,10
5.6621,-4.3545,8
4.4797,-1.161,7
2.1251,-1.3194,4
-1.4721,6.0516,11
1.6418,7.3477,9
5.7695,-1.7903,7
-3.9392,-1.4921,12
2.5458,7.98,1
2.9107,-3.9135,7
4.0772,7.0335,1
12.522,1.6037,5
-4.7858,3.8061,3
-5.1596,-12.193,6
5.4112,2.2418,5
-0.77403,7.0038,9
-4.4852,-10.568,6
8.0593,-5.3441,4
4.1245,-2.9552,2
-7.7887,-3.881,6
-2.4286,5.7024,11
5.6568,0.38578,2
1.332,-5.0329,10
4.0831,-8.6111,2
-3.7255,5.5271,3
9.4697,-3.5152,2
-8.6881,-5.9936,6
-0.1345,5.6598,11
-4.926,-5.5031,10
6.3437,-4.0731,2
2.9247,5.4103,12
6.4529,5.3917,1
9.2762,-10.104,8
4.2541,3.9035,1
-0.67333,0.15589,7
-4.7462,-8.8072,6
1.0622,0.81926,7
5.38,-2.5159,2
7.9827,-6.5378,8
-3.7244,-2.7238,3
1.3565,-5.0033,2
3.0576,-8.7764,2
5.8136,-2.2156,4
1.5475,-1.4991,10
-0.14471,3.3242,1
2.3278,10.073,11
-5.2205,-5.126,10
-3.4148,3.8964,3
9.8027,-4.9331,8
-0.083573,4.6936,12
11.084,2.3308,5
3.7498,-3.8293,2
-0.32566,0.12902,12
-3.6308,0.82395,3
0.21471,-6.8968,2
-1.8509,-6.0139,10
2.3725,5.1955,11
5.6855,-5.7783,4
1.9605,5.5416,11
9.1106,-8.0288,8
4.6083,-4.233,2
-4.7202,-9.0541,6
7.7536,-0.26214,4
4.2135,0.52563,7
-1.2751,3.7099,12
-2.2827,8.276,12
-2.6514,-8.2673,10
-0.18289,3.063,12
-0.70953,3.441,12
-0.48578,-1.6427,7
-4.5572,-5.4244,6
7.7149,-3.0371,4
3.8888,2.384,7
4.9804,-6.6095,2
-3.6461,2.2618,3
5.2751,-3.22,8
5.4188,-6.2859,4
3.042,2.8384,7
-0.70404,7.0888,11
2.1138,-2.7751,7
-1.5625,9.8119,9
9.3389,0.67828,4
2.5032,2.9408,11
-2.9816,2.7528,12
-2.2747,-3.0044,10
-1.269,8.1878,11
0.21045,-1.7241,7
-7.897,-11.264,6
10.011,-8.1075,8
1.6977,-0.95319,10
-1.3033,5.8152,12
-5.5925,5.9306,12
3.813,-7.3587,8
1.7046,7.4625,1
-0.73326,1.3318,12
4.035,0.71524,2
2.3582,2.6192,1
-4.7785,15.32,9
8.568,-7.4312,4
-9.5218,5.8301,9
6.216,-3.2571,4
1.3398,2.3697,1
3.7936,3.8497,1
0.4967,6.1842,12
-2.2558,-9.8906,6
5.0114,-4.5754,2
7.2055,-6.7955,8
-4.529,-1.0546,10
8.8881,-9.1205,8
6.2347,-7.0866,8
-0.2875,-3.3241,2
0.49779,3.4891,12
-0.6399,4.2696,12
8.9959,-5.834,8
2.6928,5.4375,1
-1.3234,8.3041,9
1.3372,-1.1494,2
11.076,-0.14837,4
-0.53558,-3.8439,10
-4.1009,-5.8007,10
-0.32524,-10.302,6
2.8898,1.717,4
8.2415,-6.2011,4
2.0082,6.1092,11
10.096,-2.9924,4
1.814,-1.0598,2
3.161,5.2978,1
1.5358,-0.54417,2
-1.4562,1.5679,12
-6.5805,-7.9984,6
1.1186,-1.5208,2
1.7497,-7.3265,2
-1.741,-11.8,6
-2.5211,4.0297,12
1.1483,-4.234,7
-7.1109,-11.703,6
-0.77002,-5.079,2
-2.4131,10.542,12
0.38228,11.177,11
6.6931,2.7537,1
-7.0731,-0.96894,10
5.7502,1.7008,4
5.1542,0.12648,7
1.7155,10.241,9
0.73776,7.2115,9
1.9328,-5.535,10
8.3977,-1.9627,2
-3.9839,-9.1816,6
3.6962,-4.6865,10
8.3908,0.75702,7
-4.8965,-4.6362,6
-1.6514,7.7871,9
-3.9253,6.261,12
7.2542,6.4154,1
1.0722,8.5644,11
-3.3023,-12.437,6
-5.2132,-7.2942,6
-2.0858,12.225,9
4.7298,-3.3786,4
3.9967,5.9657,1
6.6524,3.7586,1
-1.4489,11.909,11
4.9656,-6.2198,8
8.8121,-4.7358,4
-8.1442,-12.374,6
5.0265,-4.884,2
-2.4226,0.36993,3
4.9063,2.6208,5
8.9781,-0.85651,5
7.33,-2.9694,4
10.606,-2.1025,4
-3.1103,-0.99544,10
8.3472,-6.4957,8
-5.7455,4.9466,3
5.686,-4.9564,2
-1.8294,9.0413,9
10.053,-11.726,8
0.064016,6.9554,9
0.51861,5.9221,12
6.52,-8.1496,8
-6.6828,-6.7895,6
-0.25159,-4.6042,2
-7.5105,-5.2717,6
-3.8131,-7.1669,10
-6.9435,-5.5966,6
8.5259,2.8944,5
11.515,-0.23728,4
-5.4057,2.4326,3
8.0784,-11.186,8
8.4288,0.38103,5
-0.11196,3.9353,3
-6.3042,6.0738,9
1.9853,-1.571,2
8.4354,0.95432,5
7.1546,3.4415,1
-0.4357,3.3831,12
9.7864,2.0907,5
6.2476,5.4692,5
-2.9289,7.3058,9
6.3395,4.5897,5
0.31998,3.7108,12
0.46175,5.7642,12
3.4462,-8.5687,2
9.7,-5.1106,4
-7.5498,-11.345,6
-1.2555,2.4789,3
0.55408,2.0175,7
4.1615,3.1405,12
-6.4352,-7.8163,6
1.7766,9.4491,9
-7.6177,1.0702,3
0.86753,-5.6568,7
-0.44853,-0.58756,10
-6.8619,-7.9491,6
-5.7793,-13.001,6
-6.2962,-3.085,3
-5.4437,-2.8946,6
-2.8675,-6.3277,6
-2.581,-9.9661,6
4.0678,6.0004,1
13.596,-7.8774,8
2.315,9.2173,11
2.88,7.5242,11
5.5041,-2.5223,8
0.10388,-3.719,7
4.3217,-5.9444,2
12.519,0.27012,4
5.0931,1.8558,1
-1.5465,4.1613,12
12.078,-3.5799,8
-2.8554,-1.7856,7
8.3963,-7.6091,8
8.5811,2.4625,5
5.6577,-4.038,4
-4.7394,-6.4804,6
-10.001,7.9255,9
-0.74967,-11.354,6
-2.8163,9.5375,9
1.5374,-5.6041,10
7.2642,-7.4781,4
5.6027,-9.057,8
-4.8519,-3.5216,10
-2.2096,-2.7693,10
5.4561,-7.0671,8
9.9524,3.0713,5
9.4006,-5.0311,2
0.90925,-3.3279,2
11.295,-7.5809,8
5.0861,1.986,1
-1.7556,0.27646,7
2.3765,7.4919,11
-1.6269,8.1575,11
5.2136,-3.2112,2
-2.3372,-10.81,6
8.7932,-4.9739,8
0.79089,5.0432,1
1.1452,-6.0003,2
12.154,-1.1426,4
-7.2909,0.66076,3
1.5337,3.7145,12
-0.4162,6.3624,9
6.9696,-0.69709,4
4.6204,-2.0238,2
-7.0008,-12.395,6
-8.697,13.389,9
0.29218,0.014951,7
6.0509,-3.7174,2
-1.5735,9.031,9
-5.0292,-5.7338,10
2.8529,-5.1849,10
1.6174,6.2036,1
-1.7931,0.30732,3
-6.2656,-11.088,6
4.0884,-2.1638,2
8.2127,-2.9786,4
3.5909,7.8869,1
0.12672,5.0755,12
-1.6176,5.1309,11
-8.4067,1.6368,3
6.623,-4.9716,4
3.8224,6.2235,1
-6.0772,-11.289,6
15.014,-3.1596,8
-2.2466,5.9705,11
1.0849,-1.8289,2
-0.063934,8.6508,11
4.7689,-4.4602,4
-4.7167,-10.566,6
6.2353,-4.0258,4
2.0322,9.089,11
-6.8987,7.121,9
8.5544,-1.7413,4
-4.2895,-11.578,6
10.749,3.1566,5
-1.1181,0.51809,7
10.156,9.9812,11
-1.9155,10.053,11
-2.374,10.485,9
11.581,-11.628,8
-4.4932,-6.48,10
1.0223,8.2325,11
1.3363,-4.4263,10
2.1132,5.2799,7
-4.3355,-7.4811,6
8.6322,0.30434,4
4.9009,6.0387,1
1.507,-7.2059,2
13.478,1.3691,4
11.779,2.3978,5
-3.8338,6.4151,9
-6.8798,1.3343,3
-1.3724,0.75184,3
-8.1268,-4.9764,6
8.7373,0.22004,4
3.6893,8.5201,1
-6.6492,-9.7841,6
-6.2083,-12.374,6
7.1991,2.5098,1
-1.235,5.9301,3
-2.6204,4.6618,12
7.5186,-4.4814,8
2.3608,-6.6454,2
-1.0598,-4.734,2
2.9945,-2.8965,2
1.02,10.319,11
-2.4716,3.4922,12
1.072,5.4116,12
2.0277,6.0867,12
-4.5664,-3.1096,7
-4.7536,2.8443,12
6.0368,-2.5942,4
6.818,-6.3055,8
5.449,0.47112,4
2.0321,4.4542,3
-3.8296,0.28265,12
7.9844,-5.1312,4
-0.88529,-0.34942,12
-4.6692,-3.0801,3
4.7024,-10.911,8
2.4399,-0.46419,7
8.2041,2.8664,5
5.8659,-7.6493,8
1.6524,-4.377,10
2.8968,-3.7362,2
-6.0876,11.496,9
3.1054,-0.16701,12
-3.5853,2.4758,3
0.44818,-6.562,10
-0.98342,4.9208,12
-5.2199,2.6836,3
-2.5747,8.9758,9
-1.7712,-5.3057,10
-3.139,-12.859,6
0.10215,4.3837,12
3.1321,5.7763,1
9.676,-0.47876,5
-4.1686,9.3482,9
8.9867,-2.8898,4
12.239,3.5885,5
-10.173,-7.1111,6
9.83,-0.4335,5
-4.0823,9.6692,9
-1.6727,8.7487,11
-5.5822,-11.111,6
7.8515,-3.1633,4
-4.4535,-6.7976,6
3.5246,4.2138,1
-8.9036,9.2009,9
-1.0371,8.9496,11
-4.6171,-6.6888,10
-3.5047,-4.9672,10
-0.48326,4.5591,12
8.5897,-2.3142,8
3.5856,-3.0852,2
-3.6407,9.5344,9
3.1352,-5.0708,2
6.3474,-7.9739,8
2.7666,2.4021,1
-4.5089,3.9389,3
-5.3838,12.715,9
2.241,0.30282,7
1.94,7.809,11
-7.2541,-6.9718,6
-0.905,8.5155,11
5.0901,6.1997,1
-0.44396,-8.9435,6
1.1781,0.28885,7
-5.6669,2.1657,3
-1.241,-4.6932,10
0.24649,6.8249,11
11.913,-4.9131,4
-9.1024,-14.399,6
5.6344,-7.2173,8
-2.9762,-7.0607,10
9.0392,0.86252,5
3.6789,-1.7722,4
-2.2436,-10.222,6
-0.97557,-6.7878,10
4.1015,7.3216,1
3.9596,-0.03176,7
-4.4114,-9.377,6
0.18866,5.887,1
2.3549,8.7541,11
3.7135,1.9773,7
3.1301,-5.0809,7
-2.8915,-3.3394,10
-3.0686,6.7491,12
0.29789,8.3409,11
-4.8346,2.9857,3
6.1697,-3.1886,2
2.2844,2.4227,12
-4.3717,-6.8388,6
-3.6253,0.37965,3
6.3609,-3.4131,4
5.5818,-12.698,8
2.869,2.9398,1
5.6003,-2.2389,7
8.5191,3.2566,5
-3.9143,-2.1163,10
0.48183,-0.80445,10
2.0472,-3.8088,10
-14.329,-10.767,6
3.7406,6.379,1
1.3943,-3.4928,7
-2.9988,-7.3521,6
3.8678,-5.3074,4
-6.828,-9.3737,6
-5.8068,-4.9825,6
6.1032,-4.039,4
11.805,-5.461,8
8.1224,0.73664,5
5.1034,1.6622,2
-0.70957,-7.3857,10
-9.2399,-5.2024,6
9.1732,-3.9755,8
-1.0126,-0.10244,12
0.40871,-5.0598,10
-2.9069,-0.47835,3
-10.026,8.6912,9
-4.0551,-9.9546,6
-7.6056,7.6568,12
5.1473,6.863,1
6.9213,4.1675,1
-4.0106,7.882,12
-5.1015,0.82459,3
1.9726,8.7766,11
6.4374,3.4498,5
-4.1398,2.8706,3
-6.3049,1.0207,10
1.7859,-4.9951,2
1.6776,-3.626,2
0.77224,-1.3755,7
10.685,0.2801,5
-7.6102,-9.3961,6
5.8697,-7.2635,8
-5.2902,-9.0489,6
-7.3382,-1.9937,3
-8.0862,-10.43,6
3.3909,-4.0196,4
5.6653,1.709,5
-4.9384,-3.0385,10
4.8907,5.269,1
-0.26001,6.8503,11
-1.5919,-11.111,6
-1.1751,-0.57034,7
1.0011,-2.2072,4
0.56197,3.7951,1
-2.6938,-3.2204,10
-2.6112,-10.522,6
-2.9884,-11.359,6
-2.3611,10.84,12
1.1125,5.6252,11
-0.7398,7.7503,11
9.8218,-2.711,4
-2.8898,3.0661,12
3.7421,3.4699,1
-4.6291,-4.6469,10
5.574,5.7543,5
6.7903,-10.777,8
-4.3577,-1.6252,6
0.75028,0.20564,7
-4.4725,-3.7511,10
-9.6539,-10.393,6
2.6361,-6.785,10
-5.8897,-1.3814,3
-0.58639,-6.5049,10
-2.2201,-2.7298,10
3.6637,-2.9832,2
9.7282,6.6443,11
4.0269,3.9847,7
-3.1965,9.4458,9
-1.0982,8.5887,11
-0.70771,-8.4812,6
-1.96,5.7065,12