28.70 29.47 1
29.74 28.31 1
27.63 31.76 1
32.86 30.05 1
27.50 28.38 1
38.58 23.15 1
32.86 19.18 1
31.40 28.79 1
20.43 28.07 1
26.49 31.77 1
25.65 31.32 1
29.09 33.03 1
27.60 31.33 1
31.97 31.25 1
30.82 35.91 1
31.12 31.64 1
31.56 34.20 1
33.01 38.64 1
34.64 24.42 1
26.12 29.24 1
31.85 29.02 1
36.58 31.34 1
27.47 31.32 1
31.65 25.18 1
34.29 36.36 1
32.52 32.89 1
33.58 30.51 1
30.81 36.12 1
28.80 32.38 1
37.19 28.27 1
35.45 40.36 1
29.06 30.28 1
27.06 33.21 1
30.25 27.19 1
29.00 29.59 1
25.12 29.68 1
33.04 29.15 1
34.63 32.05 1
31.55 27.02 1
34.65 29.52 1
24.31 31.35 1
26.16 26.86 1
31.34 30.97 1
25.95 29.42 1
26.40 33.03 1
25.23 30.51 1
30.85 31.54 1
31.80 32.76 1
25.76 33.59 1
27.91 27.63 1
34.83 30.61 1
29.12 30.96 1
30.39 32.93 1
31.60 31.51 1
24.37 28.45 1
32.39 32.40 1
32.96 30.79 1
33.08 30.19 1
30.89 26.95 1
34.72 33.88 1
29.96 28.91 1
30.12 29.87 1
33.00 36.49 1
30.43 25.82 1
35.76 26.48 1
25.41 33.53 1
36.17 26.56 1
28.52 30.75 1
31.01 33.03 1
29.13 37.51 1
31.00 29.46 1
33.94 35.01 1
34.57 34.04 1
24.76 32.90 1
30.19 31.05 1
29.64 34.83 1
28.18 32.43 1
32.02 31.67 1
27.95 28.90 1
34.21 30.23 1
28.80 35.03 1
25.07 25.81 1
32.63 29.95 1
27.64 33.86 1
24.92 29.51 1
29.04 32.76 1
32.94 31.72 1
33.80 30.89 1
27.08 24.94 1
25.44 29.23 1
33.07 29.20 1
24.71 29.46 1
33.83 34.25 1
27.44 30.11 1
28.93 30.28 1
38.22 25.86 1
37.91 28.70 1
21.75 34.81 1
31.12 31.03 1
31.43 31.40 1
77.94 83.73 2
70.72 65.39 2
64.05 62.14 2
72.17 67.79 2
65.29 72.45 2
65.89 73.04 2
64.95 53.32 2
79.55 66.92 2
73.65 65.23 2
70.00 63.71 2
86.40 72.54 2
71.49 76.01 2
52.96 65.29 2
70.95 53.21 2
69.21 70.52 2
65.69 67.98 2
64.96 74.47 2
63.93 71.94 2
66.69 63.72 2
64.19 71.25 2
80.02 71.58 2
72.09 48.87 2
75.55 76.35 2
68.54 67.95 2
68.70 70.78 2
77.17 60.07 2
82.28 66.77 2
62.81 79.87 2
75.96 64.35 2
75.17 66.73 2
66.67 78.01 2
70.49 74.16 2
81.20 70.94 2
72.65 62.45 2
53.86 56.33 2
74.54 62.98 2
70.04 74.71 2
82.04 80.89 2
62.86 79.09 2
69.03 71.27 2
69.55 73.02 2
65.20 65.55 2
70.00 58.44 2
59.19 71.14 2
67.89 71.36 2
72.97 75.38 2
64.13 64.87 2
74.85 63.37 2
72.97 71.84 2
67.68 66.59 2
69.35 72.65 2
65.98 55.28 2
72.47 67.52 2
81.49 66.03 2
64.29 71.64 2
53.72 71.71 2
72.51 60.56 2
76.86 65.23 2
64.22 70.40 2
72.24 68.44 2
71.77 76.48 2
72.34 74.05 2
69.22 62.56 2
65.08 67.02 2
83.42 77.12 2
65.34 71.16 2
69.69 71.30 2
63.81 72.72 2
71.88 70.49 2
71.57 68.33 2
70.34 68.91 2
67.41 70.80 2
66.05 72.74 2
65.89 68.27 2
72.03 79.17 2
71.94 67.89 2
66.13 73.68 2
62.17 63.89 2
69.80 61.44 2
70.47 72.28 2
56.55 73.90 2
67.98 67.37 2
66.46 79.49 2
74.46 64.48 2
64.81 70.80 2
79.91 69.01 2
58.23 77.37 2
66.50 70.47 2
73.32 76.03 2
63.65 87.00 2
74.90 74.78 2
68.64 77.46 2
67.46 84.58 2
76.15 79.32 2
70.94 54.21 2
61.08 73.22 2
65.24 67.76 2
69.63 73.81 2
69.22 71.72 2
79.05 71.26 2
54.25 63.60 3
68.52 51.49 3
49.38 44.76 3
49.65 52.06 3
48.04 46.24 3
45.59 56.25 3
52.08 65.31 3
40.45 56.13 3
46.38 50.83 3
36.46 35.87 3
52.68 41.37 3
51.04 61.27 3
38.54 59.15 3
43.91 46.37 3
39.12 44.55 3
58.22 41.19 3
50.86 48.78 3
54.03 57.79 3
59.17 43.13 3
42.67 50.70 3
49.67 44.41 3
56.96 62.82 3
53.31 48.03 3
50.02 46.80 3
50.03 48.72 3
40.39 47.05 3
47.63 50.56 3
54.87 46.18 3
52.47 49.64 3
44.56 54.11 3
46.66 58.00 3
49.13 43.63 3
44.41 60.90 3
40.83 52.11 3
50.68 43.78 3
40.26 53.20 3
48.39 52.08 3
46.19 57.27 3
45.31 42.78 3
51.29 48.62 3
52.88 58.33 3
48.20 47.71 3
39.70 46.38 3
42.31 52.77 3
51.52 54.53 3
46.45 56.57 3
53.28 42.01 3
49.82 51.46 3
51.16 51.02 3
50.14 57.08 3
41.58 53.34 3
50.90 51.54 3
45.41 44.82 3
57.69 49.82 3
32.00 50.93 3
48.22 59.15 3
47.67 48.25 3
45.70 50.28 3
48.03 51.02 3
56.51 47.58 3
46.36 54.67 3
52.98 54.36 3
54.67 41.74 3
49.34 51.88 3
57.66 47.71 3
53.19 50.07 3
49.04 58.51 3
41.49 60.16 3
48.22 55.78 3
49.50 43.53 3
50.63 39.77 3
51.31 59.82 3
50.41 53.23 3
44.80 41.40 3
45.02 50.04 3
54.15 45.31 3
50.28 44.25 3
54.83 51.58 3
43.93 42.43 3
53.81 48.86 3
50.49 42.47 3
55.68 52.31 3
50.92 42.66 3
35.82 50.10 3
52.84 57.84 3
54.04 55.81 3
37.64 61.83 3
61.34 43.29 3
49.02 51.59 3
38.08 53.74 3
48.91 53.89 3
57.99 51.47 3
40.28 50.11 3
52.99 31.33 3
62.82 52.48 3
45.87 52.58 3
38.54 51.59 3
59.04 57.66 3
48.02 50.44 3
22.39 42.33 3
24.37 74.98 4
23.88 69.11 4
36.89 75.00 4
19.14 71.07 4
28.80 67.85 4
24.05 66.37 4
30.42 69.05 4
25.36 66.37 4
28.71 62.77 4
30.16 71.68 4
30.08 63.62 4
30.48 67.27 4
30.09 63.81 4
31.70 70.79 4
22.70 74.04 4
31.40 63.37 4
30.26 76.84 4
33.10 63.42 4
30.50 60.01 4
38.76 74.51 4
39.22 77.00 4
31.15 69.73 4
28.74 69.56 4
25.61 75.13 4
31.44 67.74 4
27.04 70.06 4
35.40 80.36 4
31.61 66.83 4
24.55 71.64 4
28.58 67.99 4
35.09 70.31 4
31.05 81.48 4
30.27 65.35 4
25.88 63.16 4
29.32 65.39 4
29.57 66.68 4
32.47 82.95 4
29.51 77.65 4
33.16 66.96 4
30.30 63.88 4
31.42 78.63 4
22.13 65.77 4
33.28 70.07 4
34.42 61.06 4
21.67 70.98 4
25.81 71.70 4
30.48 82.39 4
25.04 70.58 4
27.30 65.71 4
29.19 77.17 4
29.40 65.45 4
39.78 68.53 4
37.32 67.33 4
30.89 75.67 4
31.46 69.69 4
23.24 71.88 4
36.38 68.95 4
31.02 65.00 4
30.68 64.76 4
33.70 71.25 4
23.90 59.93 4
29.95 74.62 4
29.41 76.82 4
24.05 78.67 4
39.99 75.69 4
36.94 72.48 4
31.04 77.21 4
24.90 65.68 4
31.61 66.98 4
31.81 67.32 4
37.66 72.65 4
32.06 67.71 4
22.05 69.97 4
30.38 73.72 4
29.02 72.66 4
33.28 66.89 4
34.28 70.78 4
28.39 65.90 4
36.52 67.09 4
38.82 75.59 4
24.00 68.51 4
35.72 61.99 4
28.03 70.78 4
34.73 74.54 4
24.63 72.14 4
38.25 66.42 4
39.33 67.90 4
24.55 71.90 4
33.46 74.41 4
35.27 72.86 4
28.42 65.94 4
30.58 67.28 4
33.37 65.92 4
39.24 62.72 4
31.75 71.07 4
21.43 68.71 4
34.37 78.56 4
25.26 75.16 4
30.79 65.50 4
31.47 75.78 4
65.75 30.90 5
72.54 31.40 5
75.70 32.44 5
61.73 24.93 5
65.91 36.62 5
71.10 30.77 5
71.51 36.08 5
69.46 30.27 5
62.07 31.26 5
73.26 28.98 5
67.39 26.38 5
73.75 29.40 5
67.64 30.89 5
68.17 32.07 5
74.80 36.66 5
66.63 32.30 5
80.02 37.82 5
79.78 30.52 5
73.31 33.10 5
77.01 33.75 5
65.90 24.83 5
71.63 23.95 5
76.88 36.28 5
61.51 34.97 5
59.67 31.81 5
64.11 33.62 5
79.11 29.30 5
67.85 18.59 5
56.05 29.42 5
65.60 29.01 5
58.20 32.73 5
68.66 28.90 5
71.08 33.87 5
65.70 38.26 5
70.36 27.39 5
62.26 27.63 5
61.85 23.14 5
67.45 32.37 5
78.54 31.39 5
73.69 29.68 5
76.73 34.74 5
76.79 19.58 5
70.50 31.85 5
71.42 40.17 5
68.09 28.56 5
68.55 30.31 5
62.56 18.45 5
63.73 29.64 5
62.45 36.62 5
68.93 20.94 5
66.26 30.17 5
72.83 29.25 5
64.32 29.37 5
77.27 26.68 5
66.96 34.32 5
73.79 24.75 5
67.46 21.47 5
70.23 30.63 5
71.65 34.27 5
71.95 22.35 5
73.11 18.79 5
70.80 32.75 5
77.16 29.53 5
70.30 31.88 5
68.17 31.71 5
70.05 24.22 5
67.54 26.30 5
70.13 32.03 5
68.76 29.09 5
72.71 40.81 5
62.32 28.38 5
62.66 28.79 5
72.73 29.57 5
78.23 23.28 5
71.85 23.82 5
71.75 24.20 5
67.38 34.42 5
74.07 30.04 5
66.74 22.69 5
65.65 31.89 5
72.12 31.98 5
69.43 40.53 5
79.18 23.88 5
64.80 32.93 5
63.60 30.53 5
68.20 28.54 5
64.94 28.08 5
61.87 35.35 5
61.34 22.82 5
73.99 17.63 5
62.46 40.20 5
64.86 28.64 5
68.60 20.60 5
66.09 27.66 5
62.94 29.26 5
63.35 26.90 5
62.40 38.53 5
69.02 31.21 5
68.11 32.04 5
69.27 31.15 5
