-0.030425
-0.105071
0.021910
0.021910
-0.021910
-0.021910
-0.021910
0.022272
-0.029950
-0.065730
-0.043820
-0.021910
-0.021910
-0.021910
0.021910
-0.021910
-0.021910
-0.021910
0.018444
0.021910
0.065730
0.021910
0.021910
0.043820
0.036889
0.043820
-0.018444
-0.021910
0.021910
-0.021910
0.059915
0.021910
0.065668
-0.021910
0.065730
-0.021910
-0.043820
0.021910
-0.021910
-0.021910
-0.021910
-0.043820
-0.021910
-0.021910
-0.021910
-0.000000
0.021910
0.049251
-0.021910
0.021910
-0.115000
-0.021910
0.021910
0.021910
-0.021910
-0.021910
-0.021910
-0.029957
-0.021910
-0.000000
0.032834
-0.021910
-0.021910
-0.021910
0.021910
-0.021910
-0.021910
0.119829
0.021910
0.036889
-0.021910
-0.021910
-0.021910
-0.021910
0.021910
-0.021910
-0.083839
0.021910
-0.021910
-0.021910
-0.021910
0.021910
-0.021910
0.021910
0.021910
0.021910
-0.000000
-0.021910
0.021910
-0.000000
-0.021910
-0.021910
-0.016417
-0.021910
0.021910
0.021910
-0.018444
0.021921
-0.027703
0.149823
0.034452
0.059922
-0.000000
-0.000000
-0.021910
0.016417
0.036889
0.087641
0.021910
0.043821
0.021910
0.021910
0.021910
0.055333
-0.021922
-0.021922
0.021910
-0.022113
-0.021910
-0.021910
-0.021910
0.022005
-0.021910
0.021910
0.043820
-0.021910
-0.021910
-0.021910
0.021910
0.021910
-0.021910
-0.021910
0.055333
-0.021910
-0.021910
-0.021910
-0.021910
-0.021910
-0.021910
-0.021910
0.021910
0.043820
-0.021910
-0.021910
0.043820
0.043820
0.021910
0.021910
0.036982
0.021910
0.021910
0.021910
0.021910
0.021910
0.089872
0.065668
0.043820
0.021910
0.021910
0.036889
0.036889
0.043820
0.055333
0.021910
0.021910
-0.021910
0.021910
-0.021910
-0.043820
-0.021910
-0.021910
0.021910
-0.021910
-0.036889
-0.021910
-0.021910
0.021910
0.021910
-0.021910
-0.021923
-0.021910
-0.021910
0.021910
-0.021910
0.021910
0.021910
0.021910
0.021910
-0.021910
-0.021910
-0.021911
-0.021910
-0.021910
-0.021910
-0.021910
0.043820
0.043820
-0.000000
0.018444
0.043820
-0.021910
0.021910
0.043820
0.021910
0.021910
0.021910
0.021910
-0.021910
-0.043820
-0.021910
-0.021910
-0.021910
-0.021910
0.021910
-0.021910
0.021910
0.036889
0.021910
0.043820
-0.021910
0.021910
0.021910
0.021910
0.055333
0.021910
0.022272
-0.021910
-0.021910
0.021910
-0.021910
-0.021910
-0.021910
-0.021910
0.021910
0.021910
-0.021910
-0.021910
-0.043820
0.065730
0.021910
0.021910
0.021910
-0.087641
0.043820
-0.021910
-0.065730
-0.087641
-0.021910
0.055333
0.021910
0.021910
0.021910
0.021910
-0.021911
-0.021910
0.021910
0.021910
0.055333
0.021910
-0.021910
-0.021910
-0.043820
-0.021910
0.021910
-0.021910
0.021910
0.021910
0.000009
-0.021910
-0.021910
0.021910
0.065730
0.021910
-0.021910
-0.021910
-0.036889
-0.021910
-0.021910
-0.065668
0.021910
-0.153371
-0.065730
-0.043820
0.043820
0.022005
0.021910
-0.000000
-0.016417
-0.021910
0.036889
0.021910
-0.016417
-0.036889
0.021910
-0.021910
-0.021910
0.021910
0.021910
0.021910
0.021910
0.022021
-0.043844
-0.021910
-0.021910
0.021910
0.021910
0.055333
-0.021910
-0.000000
-0.049260
0.065730
0.013863
0.021910
0.021910
0.021910
0.043820
0.043820
-0.021910
0.021910
0.021910
-0.055333
-0.021910
-0.021910
0.021910
-0.021910
-0.028634
0.021910
0.021910
0.021910
-0.021910
0.043820
0.036889
-0.017223
0.395139
0.021910
0.021910
-0.021910
-0.021910
-0.021910
0.021910
-0.036889
-0.021910
-0.000000
-0.021910
-0.021910
-0.021910
-0.109551
-0.021910
-0.065730
-0.021910
-0.021910
-0.021910
-0.021911
-0.008052
-0.021910
0.021921
0.021910
-0.021910
-0.016417
0.027256
-0.022113
-0.021910
-0.021910
-0.055333
0.021910
-0.021910
-0.112390
0.021910
-0.039204
-0.021910
-0.021910
0.036898
0.021910
0.036889
-0.021910
0.021910
0.021910
0.021910
-0.021910
-0.060910
0.021910
-0.010363
-0.021910
-0.000000
-0.032834
0.049251
0.041649
-0.021910
0.030022
0.037937
0.021910
-0.021910
-0.021910
-0.021910
0.021910
0.021910
0.043820
-0.021910
-0.021910
0.021910
0.021910
-0.021910
-0.021910
-0.021910
0.021910
0.021910
0.036889
0.036889
-0.021910
-0.021910
-0.021910
-0.021910
0.021910
0.021910
0.055333
0.000000
-0.021910
-0.021910
0.000173
0.000009
-0.021910
0.021910
0.021910
0.021910
0.065730
0.065730
0.021910
-0.021910
-0.021910
-0.055333
-0.000000
-0.021910
-0.022113
0.022132
-0.022113
-0.021910
-0.021910
-0.021910
-0.022113
0.021910
0.021946
-0.021910
-0.021910
-0.021910
0.021910
-0.021910
-0.021910
-0.073778
-0.021910
-0.000000
-0.036890
0.021910
0.022116
-0.021910
-0.021910
0.021910
0.043820
0.021910
-0.000000
0.021910
0.021910
0.021910
-0.021910
-0.021910
0.036889
-0.000000
-0.021910
0.021910
-0.000000
0.043820
-0.021911
0.036889
0.021910
0.029957
-0.000000
-0.021910
0.021910
0.021910
0.016417
0.021910
0.021910
0.021910
-0.021910
0.021910
0.021910
0.065668
0.018444
0.021910
0.043820
0.021910
0.036889
0.049251
0.021910
-0.055343
0.043820
-0.021910
-0.043820
0.043820
0.021910
-0.021910
-0.021910
-0.021910
-0.021910
-0.000000
-0.021910
0.021910
-0.021910
-0.021910
-0.021910
0.021910
0.021910
0.021910
-0.043820
-0.021980
-0.021980
0.043820
0.021910
-0.021910
-0.021910
-0.021910
-0.021910
0.022005
-0.021910
-0.021910
0.021910
-0.021910
0.021910
0.021910
0.021910
-0.036889
0.065668
0.016417
0.021910
0.036889
0.021910
0.021910
0.021910
-0.021910
-0.021910
-0.036889
-0.023026
-0.049251
0.021910
-0.036889
-0.014979
-0.021910
-0.036889
-0.021910
-0.000000
-0.021910
-0.018444
-0.021910
-0.021910
-0.021910
0.021910
-0.065730
-0.021910
-0.021910
0.021910
0.021910
0.021910
0.021910
-0.021910
-0.021910
0.016417
0.021910
-0.021910
-0.012945
-0.021910
-0.021910
0.021910
-0.021910
0.021910
-0.021910
-0.021910
0.036889
-0.025903
0.021910
0.021910
0.021910
0.021910
-0.036889
-0.021910
-0.021910
-0.021910
0.043820
0.021910
-0.021910
-0.065752
0.016417
0.082085
0.021910
-0.018444
0.021910
-0.021910
-0.043820
-0.000000
-0.021910
-0.021910
0.021910
-0.021910
-0.021910
-0.021910
0.021910
0.021910
-0.021910
-0.021910
-0.021910
-0.021910
-0.021910
-0.021910
-0.036889
-0.021910
-0.012066
0.021910
-0.021910
-0.021910
-0.021910
-0.021910
-0.043820
0.000000
-0.021910
-0.021910
-0.024545
-0.021910
0.022005
-0.021910
-0.021910
-0.021910
-0.021910
0.043820
0.021910
-0.036889
-0.021910
-0.021910
-0.065730
-0.000000
0.000000
-0.027726
-0.021910
0.021910
-0.021910
0.021910
-0.036889
-0.043820
-0.021910
0.021910
-0.036889
-0.016418
-0.025903
-0.021910
-0.021910
0.021910
0.021910
-0.021910
0.082094
-0.021910
0.021910
0.021910
0.021910
0.021910
-0.021911
-0.021980
0.049251
0.021910
0.021910
0.000000
0.021910
-0.021910
0.021910
-0.073778
0.021910
-0.021910
-0.021910
-0.021910
0.021910
0.000000
0.021910
0.021910
-0.021910
0.021910
0.021910
0.043821
0.073778
-0.021910
0.021910
-0.021910
0.021910
-0.021910
-0.021910
-0.021910
0.021946
0.043820
-0.021910
-0.021910
-0.021910
-0.021910
0.021947
-0.021910
-0.036889
-0.021980
0.021910
0.043820
0.021910
0.036889
-0.021910
-0.021910
-0.043820
-0.021910
-0.021922
-0.036889
-0.073778
-0.021910
-0.021910
-0.021910
-0.021910
-0.021910
0.021910
-0.043961
-0.021910
-0.021910
0.021910
-0.065730
-0.021917
-0.034900
-0.043820
0.021910
0.065730
0.021910
0.021910
-0.021910
-0.000000
0.000079
-0.065668
-0.069315
0.021910
-0.036890
0.021910
-0.021910
-0.021910
0.021910
-0.021910
-0.032772
-0.021910
-0.021911
-0.021910
0.021910
0.021910
-0.021910
-0.021910
-0.021910
-0.021910
0.000088
0.005616
-0.043820
-0.131088
0.021910
-0.021910
-0.021910
0.021910
-0.021910
0.021910
-0.021910
-0.021910
-0.043820
-0.021910
0.021910
0.000021
-0.021910
-0.043820
-0.021922
-0.041589
0.021910
0.036889
-0.021910
-0.021910
0.021910
-0.000000
-0.021910
-0.021910
-0.043820
-0.036889
-0.021910
-0.021910
-0.021910
-0.043820
-0.000000
-0.021910
-0.021910
0.018444
-0.021910
0.036889
-0.043820
-0.000000
-0.021910
0.175281
0.021910
0.021910
-0.021910
0.021921
-0.000000
0.073778
0.021910
0.021910
0.049251
-0.021910
0.021910
0.022132
0.016610
-0.021910
-0.021910
-0.021910
0.046052
-0.000000
-0.000000
-0.021910
0.021910
0.021910
-0.021910
-0.021910
-0.021910
-0.021910
0.021910
0.021910
0.021910
-0.041589
-0.021910
0.065730
-0.021910
-0.000000
0.021910
0.021910
0.021910
-0.021910
0.021910
0.013863
-0.021910
0.074893
-0.021910
-0.021910
-0.000000
-0.021910
0.021910
-0.073778
0.021910
-0.021910
-0.021910
-0.000000
0.021910
-0.043820
-0.000000
-0.036889
-0.021910
-0.021910
0.021910
0.021910
-0.021910
-0.054512
0.021910
-0.065730
-0.021910
0.049279
-0.036899
-0.021910
0.021910
-0.021910
-0.021910
-0.000000
-0.016417
-0.021910
-0.021910
-0.021910
-0.021910
-0.021910
0.021910
0.021910
-0.021910
0.021910
-0.021910
0.021910
0.021910
-0.016418
-0.021910
0.116562
-0.036889
-0.021910
-0.032834
-0.036895
-0.021910
-0.065752
-0.021910
0.021910
-0.016417
-0.021910
-0.000000
-0.021910
-0.021910
0.021910
-0.021910
-0.021910
0.021946
0.000030
0.021946
0.021946
0.021946
-0.036889
0.036889
0.021910
0.021910
0.021910
-0.021910
-0.062072
-0.048722
-0.041589
-0.021910
-0.021917
-0.036889
0.055333
-0.021910
0.021910
-0.032835
-0.021910
0.000025
-0.036889
-0.016417
-0.025907
-0.021910
-0.036889
-0.049251
-0.021910
-0.021910
-0.021910
0.021910
0.043820
0.021910
-0.016417
0.000000
-0.000000
0.021910
-0.021910
-0.040236
0.021910
-0.021910
0.043820
0.036889
0.021910
-0.021910
0.021910
-0.049251
-0.000000
0.021910
0.029965
0.016417
-0.021910
0.021848
-0.021910
-0.000000
-0.036889
0.021910
0.021910
-0.021910
-0.021910
0.021910
-0.021910
-0.021910
0.016417
0.021910
0.059915
0.021910
0.036889
-0.021910
0.055333
-0.055452
0.021910
-0.036889
-0.021910
0.022116
-0.021910
-0.021910
-0.021910
0.021947
-0.021980
-0.021910
-0.021910
-0.021910
-0.036889
-0.021910
-0.021910
-0.021910
-0.012465
0.021910
-0.016417
-0.021910
-0.021910
-0.021910
-0.021910
-0.021910
-0.021910
-0.000000
-0.043820
-0.021910
-0.021910
0.021910
-0.021910
-0.021910
-0.016417
0.021910
-0.027982
-0.021910
-0.036889
-0.021910
-0.000010
-0.041589
-0.016417
-0.021910
-0.021910
0.021910
0.022021
-0.000000
-0.021910
0.000000
-0.021910
-0.055333
-0.029957
-0.021910
0.021910
0.021910
0.021910
-0.000000
-0.021910
0.021910
0.021910
0.021910
0.021910
-0.021910
0.021910
-0.036889
-0.036889
0.021910
0.021910
-0.043820
0.021910
-0.021910
-0.036889
-0.021910
0.049251
0.021910
0.021910
-0.000000
-0.021910
-0.021910
-0.021910
-0.021910
-0.021910
-0.043820
-0.021910
0.036889
-0.021910
0.000000
-0.021923
0.024322
-0.021910
-0.021910
-0.022113
-0.021910
0.021910
0.021910
0.021910
0.021910
-0.036900
0.021910
-0.021910
-0.021910
-0.021910
0.021910
-0.021910
-0.036889
-0.021910
-0.021910
-0.021910
-0.021910
-0.021910
0.021910
-0.000000
0.021910
0.021910
-0.000000
0.021910
0.000000
0.032835
-0.021910
-0.021910
0.011513
0.021910
0.021910
-0.021910
0.043820
0.021910
-0.021910
-0.021910
-0.036889
-0.021910
-0.021910
-0.021911
-0.021910
-0.021911
-0.029965
0.021910
-0.021910
-0.021910
-0.036889
0.000000
0.021910
0.013863
-0.036889
-0.016417
0.013863
-0.021910
-0.021910
-0.021910
-0.021910
-0.065668
0.021910
-0.065730
-0.021910
0.021910
0.021910
-0.021910
0.021910
0.021910
0.021910
-0.021910
-0.021910
0.021910
0.021910
0.043820
-0.021922
-0.021910
-0.021923
0.021910
-0.021910
-0.021910
-0.021910
-0.018444
0.021910
-0.036889
-0.000000
-0.021910
-0.020794
0.021848
-0.020697
-0.012181
-0.000000
-0.025911
-0.036889
0.000021
-0.082085
-0.036889
-0.036889
0.021910
-0.049251
-0.021910
-0.021910
0.043820
-0.021910
0.021910
-0.021910
-0.021910
-0.021910
-0.021910
0.072683
0.082085
0.050230
-0.036889
0.021910
0.000000
0.021910
-0.065641
-0.036889
0.027726
0.043820
-0.036889
-0.021910
0.021910
-0.000000
0.021910
0.073778
-0.000000
-0.036889
-0.021910
-0.021910
-0.021910
0.021910
0.021910
-0.021910
-0.021910
-0.043820
-0.043820
-0.043820
-0.021910
-0.021910
0.000000
-0.021911
-0.000000
-0.000010
-0.021922
-0.021910
-0.000000
-0.021910
-0.021910
0.021910
-0.021910
-0.021910
-0.021910
-0.021910
-0.021910
-0.021910
-0.021910
-0.021910
0.021910
0.090659
0.021910
0.021910
0.049322
0.022021
0.021910
0.000000
-0.018923
-0.049257
0.021910
-0.000000
-0.065730
-0.021910
-0.024309
-0.044936
-0.021910
-0.021910
0.021910
0.036889
0.021910
0.021910
0.021910
-0.021910
-0.021910
0.021910
0.021910
0.021910
-0.036889
0.021910
-0.021910
0.055333
-0.021910
-0.021910
-0.021910
-0.021910
-0.021910
-0.021911
0.021910
0.043820
0.021910
0.036889
0.021910
0.021910
-0.021910
-0.021910
-0.021910
0.021910
0.021910
-0.021910
-0.021910
-0.021910
-0.021910
-0.021910
-0.021910
-0.021910
-0.021910
-0.021910
-0.021910
0.021910
-0.021910
-0.021910
-0.021910
0.021910
0.036889
0.021910
0.021910
-0.021910
0.021910
-0.021910
0.021910
0.000031
-0.021910
-0.021910
-0.021910
0.021946
0.043892
-0.021910
-0.021922
0.021910
-0.021910
-0.021910
-0.021910
0.021910
-0.021980
0.021910
0.021910
0.021910
-0.021910
0.043820
-0.021910
0.021910
-0.021910
-0.109551
-0.021910
-0.021910
-0.021910
-0.021910
-0.021910
0.021910
0.021910
0.021910
0.021910
0.021910
-0.021910
-0.181319
-0.065668
0.021910
0.021910
-0.038774
-0.000000
-0.021910
0.021910
0.043820
-0.029957
-0.024361
0.027749
0.021910
-0.000000
-0.010924
-0.036889
0.036542
0.073778
0.021910
-0.049261
-0.044936
-0.097041
-0.044936
0.012951
-0.021910
-0.021910
-0.000000
-0.000000
-0.021910
-0.021910
-0.021910
-0.043820
-0.021910
0.021910
-0.021910
-0.021910
-0.021910
-0.043820
-0.021910
-0.021910
0.055333
-0.021910
-0.021910
-0.021910
-0.021910
-0.043820
-0.043820
0.021910
0.021910
-0.021910
0.022116
0.036889
0.021910
0.021910
-0.021910
0.021910
-0.043820
-0.043820
-0.021910
-0.021910
0.021910
0.021910
0.087641
-0.021910
-0.021910
-0.021910
-0.021910
-0.021910
0.021910
-0.055333
-0.021910
-0.021910
-0.021910
-0.021910
-0.021910
-0.036900
-0.021910
0.021910
0.016425
-0.021910
-0.065730
-0.021910
0.021910
-0.021910
0.021910
-0.021910
-0.021910
0.021910
-0.021910
0.021921
-0.021910
-0.043820
0.021910
-0.021910
-0.021910
-0.021910
0.021910
0.022116
0.021910
-0.021910
-0.021910
-0.021910
0.036889
0.021910
-0.021910
-0.021910
0.021910
-0.043820
-0.021910
-0.021910
0.021910
-0.000000
0.021910
-0.000000
-0.021910
-0.021910
-0.021910
0.021910
0.021910
-0.021910
-0.043820
-0.021910
-0.021910
-0.021910
0.043820
-0.021910
0.021910
-0.036889
0.043820
-0.021910
-0.021910
-0.024545
-0.043820
0.021910
-0.062376
-0.021910
0.021910
0.021910
0.021910
-0.021910
-0.021910
0.021910
0.021910
0.021910
-0.021910
-0.021910
-0.021910
0.043820
0.021910
0.021910
-0.021910
0.021947
0.036889
0.021910
0.021910
0.021910
0.021910
0.036889
-0.039683
-0.021910
-0.021910
-0.021910
0.021910
0.104851
-0.000000
-0.021910
0.036889
-0.021910
-0.043820
0.021910
0.021910
0.021910
0.021910
0.021910
0.000000
-0.000000
-0.021910
-0.021910
0.021910
0.036889
0.021910
0.036889
0.021910
-0.021910
-0.036889
-0.021910
-0.021910
-0.021910
0.021910
0.021910
-0.021910
-0.021910
-0.021910
0.073778
0.043820
0.021910
0.021910
0.021910
0.021910
0.000000
0.064757
0.021910
0.000009
0.021921
0.069501
-0.065730
-0.065730
0.055333
0.021910
0.000009
-0.036889
0.021910
0.038861
0.021910
0.000000
-0.021910
-0.021910
0.016417
-0.016417
0.021910
-0.021910
0.021910
-0.021910
-0.021910
-0.021910
-0.021910
-0.021910
-0.021910
-0.036889
-0.021910
0.021910
0.016445
0.021910
0.021910
-0.021910
-0.021910
-0.000000
-0.021910
-0.021910
-0.021910
-0.021910
-0.021910
-0.061820
-0.041589
-0.146103
0.016417
-0.051813
-0.016417
-0.021910
0.021910
0.021910
-0.043820
0.021910
0.021910
-0.021910
-0.021910
-0.021910
-0.021910
-0.021911
0.021910
-0.021910
-0.043820
0.021910
0.021910
0.021946
0.021946
0.021946
0.021910
0.021910
-0.000000
-0.021910
-0.021910
-0.021910
0.036889
-0.021922
-0.021910
-0.021910
-0.021910
-0.021910
-0.021910
0.036889
-0.036889
-0.043820
-0.036889
-0.043820
-0.018444
-0.036889
-0.021910
-0.021910
-0.021910
-0.021910
0.021910
-0.087641
-0.021910
-0.021910
-0.021910
-0.021910
0.021910
0.087641
-0.033406
-0.021910
0.021910
0.049251
0.029957
-0.036889
-0.036889
0.021910
-0.021910
-0.036889
0.021910
0.074893
-0.021910
0.027726
-0.016417
0.021910
-0.000000
-0.021910
-0.043820
0.036889
0.021910
0.021910
-0.000000
-0.036889
-0.073778
-0.021911
-0.036889
-0.021910
0.027726
-0.021910
-0.021910
-0.021910
0.021910
-0.048521
0.000000
-0.109625
-0.000000
-0.104851
-0.021922
-0.021910
-0.021910
0.021910
-0.021910
-0.021910
0.036889
0.043820
-0.000001
-0.000000
-0.016417
-0.021910
-0.021910
0.021910
-0.021910
-0.021910
-0.021910
-0.021910
0.021910
-0.036889
-0.021910
-0.021910
-0.021910
-0.043820
-0.021910
0.021910
0.021910
0.021910
-0.000000
-0.021910
-0.036889
0.021910
0.021910
0.000000
0.021910
0.021910
0.021910
-0.021910
-0.021910
-0.021910
-0.021910
-0.021910
-0.021910
-0.021910
-0.021910
-0.021910
-0.021910
-0.021910
-0.021910
0.098502
0.036898
0.032834
0.065730
0.055333
0.049330
0.049260
0.021910
0.049260
0.043820
0.021910
0.065730
0.021910
-0.021910
-0.021910
0.043820
-0.021910
0.021910
-0.043820
-0.065730
-0.021910
-0.043820
0.021921
0.021910
0.021910
-0.021910
0.022272
-0.021910
0.021910
-0.043820
-0.021910
0.021910
0.021910
-0.021910
-0.021910
-0.021910
-0.021910
-0.021910
-0.000000
0.021910
0.036889
0.049251
0.021910
-0.021910
0.087641
0.021910
0.022021
-0.021910
-0.021910
-0.021910
-0.073778
-0.087641
-0.021910
0.000173
0.021910
-0.021910
-0.036889
0.021910
-0.021910
0.021910
0.065730
0.021910
0.021910
-0.021910
-0.021910
-0.021910
-0.021910
0.022272
-0.021910
-0.021910
-0.064757
-0.021910
-0.021910
-0.021910
0.043820
-0.021910
0.021910
0.021910
0.016417
0.000000
0.059979
-0.021910
0.016417
-0.127196
-0.096318
-0.021883
-0.059915
-0.065668
-0.041596
-0.041595
-0.016417
-0.057445
-0.077708
-0.017434
-0.021910
-0.036889
-0.021922
0.021910
0.021910
0.021910
0.021910
0.021910
0.021910
0.021910
0.021910
0.044543
0.055333
-0.021910
0.021910
0.021910
-0.043820
-0.014671
-0.025096
0.043820
-0.021910
0.021910
0.036889
-0.000000
-0.021910
0.021910
0.021910
-0.021910
-0.000000
0.021910
0.036889
-0.036889
-0.021910
-0.021910
0.021910
-0.036895
0.016417
0.018444
-0.021910
0.021910
-0.021910
-0.043820
-0.055392
-0.036889
-0.036948
-0.021910
-0.021910
-0.049251
-0.021910
0.021910
0.021910
-0.067108
0.021910
-0.021910
0.021910
-0.021910
-0.021910
0.021910
0.021910
0.021910
0.021910
0.021910
-0.092326
0.021910
0.021910
-0.021910
0.021910
0.019841
-0.006233
-0.000096
0.021910
-0.032772
0.021910
-0.021910
-0.116566
-0.092103
-0.021910
0.000000
0.013863
-0.018444
-0.036889
-0.021922
-0.021910
0.021910
0.021910
-0.021910
-0.036899
-0.022113
-0.021910
-0.021910
-0.018971
-0.021910
0.021910
-0.021910
-0.043820
-0.021910
0.110666
0.021910
0.021910
0.175281
0.021910
0.043820
0.043820
-0.021910
0.021910
0.021910
0.021910
0.021910
-0.021910
0.021910
-0.000000
-0.000000
-0.087641
0.021910
-0.021910
-0.021910
-0.021910
-0.021910
-0.021910
-0.021910
-0.065730
0.021910
-0.021910
-0.018444
-0.021910
-0.021910
-0.043820
-0.021910
-0.021910
-0.036889
-0.043820
-0.021910
-0.021910
-0.021922
-0.021910
-0.021910
-0.021910
-0.043820
0.021910
-0.021911
-0.021910
-0.029950
0.021910
-0.021910
-0.021910
0.036889
0.036889
-0.021910
0.016417
-0.000000
-0.021910
-0.021910
0.021910
0.021910
-0.021910
-0.021910
0.000000
0.021910
-0.000000
-0.021910
-0.021917
-0.021910
-0.021910
-0.021910
-0.021910
-0.043820
0.036889
0.021921
-0.021910
0.036898
0.021910
-0.000000
-0.021910
-0.021910
0.021910
0.021910
0.065730
0.021910
0.021910
0.021910
-0.021910
-0.021910
0.021910
-0.021910
0.000000
-0.121806
0.043820
0.021910
0.036889
0.049522
0.021910
0.021910
0.036982
0.021910
0.021910
0.021910
0.065730
0.110667
0.092222
0.043820
0.021910
0.043820
0.021910
0.021910
-0.065730
-0.021910
-0.021910
-0.021910
0.021910
-0.021910
-0.021910
-0.021910
0.021910
-0.021910
-0.036889
0.021910
-0.021910
0.021910
-0.021910
-0.021910
-0.021910
-0.000000
-0.021910
-0.021910
0.021910
-0.021910
-0.021910
0.021910
-0.000000
-0.069315
0.016417
0.021910
0.043820
0.021910
0.021910
0.021910
-0.021910
-0.021910
-0.021910
-0.021910
0.021910
-0.036889
-0.021910
-0.021910
0.021910
0.022116
-0.036889
-0.036889
-0.021910
-0.021910
-0.021910
0.021910
0.043820
0.021910
-0.021910
-0.021910
0.036889
0.021910
0.021910
-0.036889
0.021910
0.021910
0.021910
-0.021910
-0.018435
0.021910
0.021910
0.022116
-0.021910
-0.021910
0.021910
-0.000000
0.000000
-0.036889
-0.021910
-0.021910
0.021910
0.021910
0.021910
0.021910
-0.021910
-0.021910
-0.021910
-0.021910
-0.021910
0.021910
-0.021910
-0.021910
-0.021910
-0.021910
-0.012181
0.021910
0.021910
-0.038854
0.060903
0.021910
-0.043820
-0.021910
0.049334
-0.000000
-0.000000
0.021910
0.036920
0.021910
-0.021910
-0.000000
0.022021
-0.021910
-0.032834
-0.021910
-0.021910
-0.065668
-0.000000
0.021910
-0.021910
-0.021910
-0.021910
-0.021910
0.021910
-0.021910
-0.000000
-0.021910
-0.036889
-0.021910
-0.036889
-0.000000
-0.043820
-0.036948
-0.000000
-0.024716
-0.049252
-0.021910
0.021910
0.043820
0.043820
-0.016417
0.021910
0.021910
-0.021910
-0.016417
-0.016417
-0.021910
-0.036889
-0.021910
0.021910
-0.021910
-0.036889
0.021910
0.021910
0.021910
-0.021910
-0.021910
-0.021910
0.045239
0.036889
0.036889
0.055452
-0.000000
-0.021910
0.036889
-0.021910
0.021946
-0.021910
-0.021910
-0.021910
-0.021910
-0.036889
-0.036889
-0.021910
-0.021922
0.021910
0.021910
0.021910
0.021910
0.014979
-0.021910
-0.021910
0.021910
-0.021910
-0.021910
-0.055333
-0.055333
-0.021923
0.021910
-0.021910
0.021910
0.021910
0.049251
0.055352
0.049251
0.049278
0.029957
0.062371
-0.021910
0.000009
-0.018444
-0.021910
0.021910
-0.021910
-0.021910
0.021910
-0.021910
0.021910
-0.021910
0.021910
0.021910
-0.021910
-0.021910
0.021910
0.045427
-0.021910
-0.021910
-0.021910
0.021910
-0.043820
-0.043820
-0.021910
-0.036889
-0.021910
0.021910
-0.021910
0.021910
0.000031
-0.021910
-0.021910
-0.016417
-0.016417
-0.043820
-0.016417
-0.021910
-0.021910
0.021910
-0.021910
-0.021911
0.043820
-0.021910
-0.021910
-0.021910
-0.000000
0.097110
0.055333
0.055333
-0.000000
0.115002
0.036889
0.021910
0.207944
0.055333
0.055426
0.021910
0.049251
0.049251
0.065730
-0.021910
0.036968
0.021910
-0.000000
0.082085
0.022116
0.055333
-0.021910
-0.021910
-0.021910
-0.021910
0.021910
0.021910
0.021910
-0.021910
0.021910
0.021910
-0.021910
0.021910
0.021910
-0.043820
0.021910
-0.021910
0.021921
-0.021910
-0.021910
-0.000000
-0.021910
-0.043820
-0.021910
0.021910
-0.021910
0.021910
-0.021910
-0.021910
0.036889
0.021910
0.021910
-0.043820
0.021910
0.021910
0.021910
-0.036889
-0.055504
0.036889
-0.000000
-0.021910
0.021910
-0.000000
0.041581
0.021910
-0.021910
-0.021910
-0.021910
-0.021910
-0.065730
-0.021910
-0.065730
0.021910
0.021910
0.021910
-0.043820
0.021910
0.021910
0.021910
0.021910
-0.021910
0.021921
-0.032845
-0.021910
-0.021910
-0.000000
0.021910
-0.021910
-0.055452
-0.043820
0.021910
0.021910
-0.021910
-0.021910
-0.065730
-0.021910
-0.021910
-0.022113
0.000000
0.021910
0.021910
-0.021910
-0.041589
0.021910
0.021910
-0.021910
0.021910
0.021910
0.021910
0.021946
0.000000
0.021910
-0.021910
-0.021910
0.087641
-0.065730
-0.043820
-0.021910
0.032834
-0.021910
-0.021910
-0.021910
-0.021910
0.021910
0.021910
-0.043820
-0.021910
-0.073778
0.021910
-0.021910
-0.021910
-0.036889
0.000000
-0.000000
0.036889
-0.036889
0.021910
0.022272
-0.021910
0.021910
-0.043820
-0.021910
0.021910
0.013863
0.039683
0.016417
-0.021910
-0.021910
-0.065730
-0.021910
-0.021910
-0.021910
0.021910
0.021910
0.000000
-0.064011
0.021910
0.043820
-0.021910
-0.000001
0.021910
0.021910
-0.018444
0.021910
0.021910
-0.021910
-0.021910
-0.021910
0.021910
0.021910
-0.025903
0.021910
0.025903
0.021910
-0.021910
0.021910
-0.021910
-0.051799
0.021910
-0.021910
0.075954
-0.021910
-0.021910
-0.021910
-0.000093
0.069477
0.021910
-0.021910
-0.014979
0.021921
0.021910
-0.021910
-0.044945
-0.021910
0.109551
0.087641
0.043820
0.036889
0.021910
-0.043820
-0.021923
-0.021910
-0.119548
0.021910
0.021910
0.021910
0.036889
-0.036889
-0.021910
-0.000000
0.021910
-0.018444
-0.021910
-0.073778
-0.021910
-0.021910
0.110666
-0.021980
-0.021980
0.021910
-0.021910
-0.021910
-0.021910
0.012944
-0.043820
-0.043820
-0.021910
-0.021910
-0.021910
0.032834
0.021910
0.021910
-0.033407
-0.021910
-0.014979
-0.021910
0.021946
0.021910
-0.021910
-0.021910
-0.000000
0.021910
0.036889
0.036889
0.022005
-0.021910
0.036889
0.021921
0.049260
0.021910
-0.021910
0.021910
-0.036889
-0.021910
-0.021910
0.021910
0.021910
-0.043820
-0.021910
-0.021910
-0.021910
-0.021910
0.021910
0.021910
-0.021910
-0.021910
0.043820
-0.043820
-0.021910
-0.036889
-0.021910
-0.021910
-0.021910
-0.021910
-0.018444
-0.021910
0.000000
-0.082938
-0.021910
-0.043820
-0.021910
0.036889
-0.055333
-0.033192
0.021910
0.018444
-0.000000
0.018444
-0.000000
-0.021910
0.021910
0.021910
-0.021910
0.022021
0.021947
-0.021910
0.049251
0.021910
0.021910
0.055333
0.021910
0.021910
-0.087641
0.021910
0.021910
-0.021910
-0.021910
-0.043820
0.055333
0.065730
-0.043820
0.098502
0.021910
0.037076
0.018444
0.087641
0.021910
0.021910
0.021910
0.021910
0.021910
-0.015524
0.021910
0.021910
0.021910
0.021910
-0.021910
0.021910
0.021910
-0.021910
0.021910
0.065730
0.021910
0.021910
-0.021910
0.131461
0.021910
-0.036900
-0.018467
0.021910
-0.021910
-0.049257
0.043820
-0.021910
-0.021910
0.021910
-0.023026
-0.021910
-0.043821
-0.021910
0.021910
0.021910
0.043820
-0.021910
0.021910
0.021910
-0.021910
0.021910
0.021910
0.021910
0.043820
-0.021910
-0.021910
0.065668
-0.021910
-0.021910
-0.076468
0.021910
-0.021910
-0.021910
-0.000000
0.021910
-0.021910
0.021910
0.021910
0.022272
-0.021910
-0.021911
0.000247
-0.021910
-0.027206
-0.021910
-0.016418
-0.021910
-0.021910
-0.021910
-0.065730
-0.087641
0.021910
0.021910
-0.055333
0.049251
0.021910
-0.021910
-0.000000
-0.021910
-0.087641
0.022005
0.022005
0.021910
0.021910
0.043820
-0.036889
-0.021910
-0.021910
-0.021910
0.021910
0.021910
0.022116
-0.021910
0.021910
-0.043820
0.021910
0.021910
-0.021910
-0.036948
-0.049304
0.021910
-0.021910
-0.021910
-0.021910
-0.021910
-0.021910
-0.036889
-0.021910
-0.110666
-0.021910
-0.092222
-0.021910
-0.021910
-0.021910
-0.021910
-0.021910
-0.109551
-0.131461
-0.021910
-0.043820
-0.021910
-0.021910
-0.021910
0.055333
0.021910
-0.021910
0.021910
-0.021910
-0.021910
-0.062286
-0.021910
0.021910
-0.032298
-0.055280
-0.029957
0.036889
-0.010407
0.041596
-0.027074
-0.057565
0.011027
0.028825
-0.018125
0.013863
0.016135
-0.021910
-0.021910
-0.021910
-0.036889
-0.002218
-0.021910
0.021910
-0.036889
-0.021910
-0.021910
-0.083178
-0.021910
-0.021910
0.021910
0.000000
0.021910
-0.021910
-0.021910
-0.021910
-0.000000
-0.065730
-0.055333
0.043820
0.021910
-0.021910
0.021910
0.021910
-0.036889
-0.065730
-0.021910
-0.043820
-0.012958
-0.021910
-0.021910
-0.087641
-0.021910
-0.021910
-0.021910
0.021910
-0.043820
-0.043820
-0.021910
-0.021910
-0.021910
-0.021910
-0.021910
-0.021910
0.022021
-0.021910
-0.021910
0.021910
0.021910
0.065730
0.021910
0.021910
-0.021910
0.018444
0.021910
-0.021910
0.036889
-0.021910
-0.055333
0.021910
0.018444
-0.021910
-0.021910
-0.043820
-0.021910
-0.021910
-0.021910
0.032833
-0.000000
-0.021910
-0.021910
0.021910
0.021910
0.021910
-0.021922
0.043820
0.021921
-0.021910
-0.021910
0.021910
-0.043820
0.021910
-0.021910
0.021910
-0.021910
-0.000000
-0.021910
0.021910
0.021910
0.021910
-0.021910
-0.021910
-0.021910
0.021921
0.021910
-0.021910
0.021910
-0.021910
-0.021910
-0.021911
0.021910
-0.021910
0.016417
-0.021910
0.021910
-0.021910
0.021910
0.021910
0.021910
-0.043820
-0.021910
-0.021910
0.022132
-0.021910
-0.021910
-0.021910
-0.021910
-0.021910
0.021910
0.021910
0.021910
0.021910
-0.021910
-0.021910
-0.021910
-0.021910
-0.021910
-0.021910
-0.000000
0.021910
0.021910
0.021910
0.021910
-0.021910
-0.021910
0.021910
-0.021910
0.021910
0.021910
-0.016417
-0.000000
0.021910
-0.055452
-0.021910
-0.021910
-0.021910
0.021910
-0.021910
-0.043820
0.021910
-0.065730
-0.043820
0.022116
0.043820
0.022116
0.000154
0.021910
-0.021910
-0.021910
-0.043820
-0.021910
-0.021910
0.098519
0.036898
0.036889
0.021910
0.021921
-0.021910
-0.021910
0.043820
0.021910
0.021910
-0.021910
-0.038855
0.000000
-0.021910
0.036889
0.021910
-0.021910
-0.014988
0.021910
-0.021910
-0.021910
-0.021910
0.021910
-0.021910
0.022272
-0.021910
0.021910
0.021910
-0.021910
0.021910
-0.021910
-0.021910
-0.021910
-0.021910
0.021910
0.021910
-0.021910
-0.021910
0.021910
0.021910
0.021910
-0.021910
-0.021910
-0.021910
0.021910
-0.021910
-0.021910
0.021910
0.109551
-0.021910
0.021910
0.021910
-0.000000
0.021910
-0.021910
0.065730
0.092222
0.021910
0.049251
0.021910
0.021910
0.021910
0.021910
0.043820
0.021910
-0.021910
-0.000000
0.021910
0.021910
0.000000
0.021910
0.021910
-0.021910
0.021910
0.036889
0.021910
0.036889
0.021910
-0.000000
0.043820
0.021921
0.043820
0.021910
0.021910
0.021910
-0.021910
-0.021910
-0.021910
0.021910
-0.043821
0.021910
-0.021910
-0.021910
-0.021910
0.021910
-0.021910
-0.021910
-0.021910
-0.000000
-0.087641
0.021910
0.043820
-0.021910
0.021910
0.021910
-0.021910
0.021910
-0.021910
0.021910
0.021910
-0.021910
-0.021910
-0.021910
0.021910
0.021910
0.021910
0.021910
-0.021910
0.021910
-0.021910
0.021910
0.021946
0.043892
0.021910
0.109551
-0.043820
0.043820
0.131461
-0.043820
-0.021910
-0.021910
-0.021910
-0.021910
-0.021910
0.021910
-0.016417
-0.021922
-0.138629
-0.021910
-0.021910
-0.036889
-0.043820
-0.021910
0.022272
0.021910
0.153371
-0.021910
-0.021910
0.014979
0.023026
-0.000000
-0.021910
-0.021910
0.021910
-0.021910
-0.021910
-0.021910
0.021910
-0.021910
-0.036889
-0.021910
-0.021910
0.021910
-0.021911
0.021910
-0.131461
-0.021910
0.110666
0.021910
-0.021910
-0.021910
-0.000171
-0.021910
-0.021910
0.021910
-0.021910
0.022132
-0.021910
-0.029957
-0.043820
-0.021910
-0.021910
0.021910
-0.021910
0.021910
0.021910
0.021910
-0.021910
0.021910
-0.021910
-0.021910
-0.021910
-0.021923
-0.065770
-0.043820
-0.021910
-0.021910
-0.021910
-0.021910
-0.021910
-0.021910
-0.021910
-0.021910
-0.021910
-0.021910
0.021910
0.021910
-0.143759
0.021910
0.036982
0.022021
0.043820
0.021910
0.065730
0.022272
0.021910
0.021910
0.043820
0.021910
0.021910
0.087641
0.043820
-0.000000
0.021910
0.021910
0.021910
0.021910
0.021910
0.021910
-0.036948
-0.021910
0.021910
-0.021910
0.000173
-0.043820
0.021910
-0.021910
0.021910
0.021910
-0.021910
0.021910
-0.021910
-0.043820
-0.021910
-0.021910
0.022272
-0.016146
0.021910
-0.021910
-0.055333
-0.021910
0.021910
-0.000000
-0.021917
-0.043820
-0.021910
0.021910
-0.021910
-0.021910
-0.021910
-0.021910
-0.021910
0.029957
-0.021910
-0.021910
-0.021910
-0.021910
-0.036889
-0.013733
0.021910
0.021910
0.021910
0.043820
-0.021910
0.021910
-0.021910
-0.043820
0.021910
-0.021910
-0.021910
-0.073778
0.021910
-0.021910
-0.021910
0.021910
-0.021910
-0.043820
-0.021910
0.022272
-0.021910
-0.021910
0.016417
0.016417
-0.021910
0.036889
0.021910
-0.000010
-0.000000
0.007973
0.129111
-0.036889
0.021910
0.021910
0.021910
0.021910
-0.036889
0.043820
0.021910
-0.021910
0.021910
0.043820
-0.021911
-0.021910
-0.055333
-0.036889
0.021910
0.021910
-0.021910
0.043820
0.021910
0.021910
0.021910
0.021921
0.044936
0.021910
-0.021910
-0.021910
-0.087641
-0.021910
-0.043820
-0.021910
-0.021910
0.021910
-0.021910
-0.021910
-0.043820
-0.021910
-0.049251
-0.021910
0.022116
0.022116
-0.000000
-0.021910
-0.036889
-0.021910
-0.021910
0.021910
-0.114920
-0.021910
-0.147754
-0.022113
-0.021910
-0.021910
-0.021910
-0.021910
-0.087641
-0.021910
-0.021910
-0.021910
-0.021910
-0.021910
-0.021910
-0.021910
-0.021910
-0.021910
-0.021910
0.021910
-0.021910
-0.021910
-0.021910
0.021910
0.021910
0.021910
-0.021910
-0.021910
-0.021910
-0.021910
-0.000000
-0.021910
-0.059915
0.021910
-0.021910
-0.021910
-0.021910
-0.021910
-0.036889
-0.021910
-0.021910
-0.065668
-0.021910
-0.012951
-0.000000
0.021910
-0.021910
0.022005
-0.021980
-0.018444
0.032834
0.021910
-0.021910
-0.021910
0.021910
-0.021910
-0.021910
0.021921
0.021910
0.021910
-0.000000
0.021910
-0.021910
0.021910
-0.043820
0.021910
-0.021910
0.021910
-0.021910
0.029957
-0.021910
0.021910
0.043820
0.109551
-0.021910
-0.087641
-0.021910
-0.021910
0.043820
-0.021910
0.021910
-0.021922
0.021946
0.021910
-0.036889
0.021910
-0.021910
-0.021910
-0.043820
0.022132
0.022132
0.021910
-0.021910
-0.021910
0.043820
-0.021910
-0.036899
0.021910
-0.043820
-0.036889
-0.021910
0.021910
0.021910
-0.043820
-0.021910
-0.021910
-0.043820
-0.021910
0.021910
0.021910
0.036889
0.036889
0.043820
0.021910
-0.021910
-0.021910
-0.059915
-0.021910
0.021910
0.013863
-0.021910
0.018444
0.059940
0.060903
-0.021910
0.021910
0.000000
-0.021910
-0.065730
0.021910
0.021910
0.021910
-0.036889
0.021910
-0.021910
-0.021910
-0.021910
-0.021910
-0.043820
-0.021910
-0.049261
-0.087641
0.021910
0.021910
0.021910
-0.000000
-0.021910
0.098502
0.036889
-0.021910
-0.036889
0.021910
-0.021910
-0.044936
0.021910
-0.021910
-0.021910
0.075329
-0.021910
0.021910
-0.000000
0.021910
0.021910
0.069543
-0.013863
0.025903
0.016425
-0.049251
-0.000000
-0.000000
-0.021910
-0.021922
-0.021910
0.021910
0.021910
-0.021910
0.009486
0.029957
-0.021910
-0.256120
0.043820
0.021946
-0.021910
0.021910
-0.021910
0.021910
0.021946
0.021947
-0.036889
-0.021910
-0.036889
0.021910
0.021910
0.036889
-0.000011
0.021910
-0.000000
0.055333
-0.153071
0.036889
0.021910
0.021910
-0.043820
-0.065730
-0.021910
-0.021910
-0.021910
0.021910
0.022005
0.036968
0.036889
0.043820
0.021910
-0.021910
-0.043820
-0.021910
0.021910
0.047444
0.021910
-0.010912
0.000024
-0.021910
-0.049260
-0.000024
0.049279
0.000000
0.000000
-0.014979
-0.021910
0.021910
-0.021922
0.014979
0.044936
0.021910
0.021910
-0.021910
0.022005
-0.021910
0.021910
-0.021911
-0.021910
0.055333
-0.055333
-0.021917
-0.021910
-0.065730
0.082085
-0.065730
-0.021910
-0.065730
0.021910
0.021910
0.043820
-0.065730
-0.065730
-0.087641
0.000079
-0.153371
0.016417
-0.049251
-0.082085
-0.021910
0.021910
-0.021910
0.021910
-0.021910
-0.021910
0.021910
0.021910
0.018444
0.059915
0.021910
0.021910
-0.029957
-0.021910
-0.018444
0.021910
-0.055452
-0.021910
0.021910
-0.021910
-0.024361
0.000000
-0.029463
0.021910
0.021910
-0.021910
0.036802
0.021910
-0.062415
0.021910
-0.057119
0.021910
-0.021922
0.021910
-0.021910
-0.021910
-0.049251
-0.021910
-0.036948
0.016417
-0.000000
0.018444
0.021910
0.021910
-0.021910
-0.021910
-0.036889
0.023022
-0.000000
-0.016417
-0.000000
-0.021910
0.021910
0.021910
-0.021910
-0.021910
-0.021910
-0.055333
-0.043820
-0.021910
-0.021910
-0.021910
-0.021910
-0.021910
-0.021910
-0.029762
-0.043820
-0.021910
-0.064757
-0.021910
-0.013863
-0.016417
0.037942
0.036898
-0.032766
0.021910
0.021910
0.000000
0.016417
0.075140
-0.029957
-0.085264
0.029957
0.036889
-0.044936
-0.036889
-0.055333
-0.021910
-0.021910
0.021910
0.021910
-0.021910
-0.036889
-0.036889
-0.055333
-0.021910
0.021910
-0.043820
-0.021910
-0.092069
-0.059915
-0.021910
-0.021910
-0.036889
-0.055333
-0.021910
0.032834
-0.049251
-0.036889
-0.059668
-0.055333
-0.055333
0.055274
0.021910
-0.021980
0.021910
0.043820
0.021947
0.021947
-0.021910
0.021910
-0.021910
0.000000
0.021910
-0.021910
-0.021910
-0.021910
-0.021910
0.021910
-0.043820
-0.021910
-0.021910
-0.036889
-0.021910
-0.021910
-0.043820
-0.021910
0.021910
-0.021910
0.021910
-0.021910
-0.021910
-0.080590
-0.077708
-0.129383
-0.041589
-0.043820
0.021910
-0.021910
-0.021910
0.021910
0.000093
-0.021910
-0.021910
0.021910
-0.021910
0.021910
-0.095863
-0.021910
-0.021910
0.021910
-0.021910
-0.021910
-0.021910
0.043820
0.021910
-0.021910
-0.021910
0.000000
0.164171
0.043820
0.021910
0.036889
0.021910
0.021910
-0.021910
-0.021910
-0.021910
-0.021911
-0.021910
0.043820
-0.021910
-0.021910
-0.000000
-0.021910
-0.013569
-0.021910
0.021910
0.021910
-0.021910
0.000000
0.043820
0.032843
0.036889
0.021910
-0.029957
0.016417
0.022021
-0.036889
0.021910
-0.065730
0.021910
0.043820
0.021910
-0.021910
0.043820
0.021910
0.021910
0.032772
0.036889
-0.021910
-0.021910
-0.000000
-0.021910
0.065730
0.021910
0.021910
-0.021910
0.021921
-0.021910
-0.021910
-0.021910
-0.021910
-0.021910
0.016417
-0.021910
-0.018444
-0.021910
-0.021910
0.036889
-0.021922
-0.021910
0.043820
0.037076
-0.021910
-0.021910
0.021910
-0.021910
-0.049251
-0.043820
-0.021910
0.021910
0.021910
-0.026144
-0.021910
-0.021910
-0.021910
0.021910
-0.021910
-0.000000
0.036889
0.038854
-0.021910
0.021910
0.021910
0.021910
0.021910
0.021921
0.021910
0.036889
-0.021910
-0.021910
0.021910
0.021910
-0.022113
-0.021910
-0.049251
-0.021910
-0.059915
-0.065774
0.021910
0.021910
0.021910
0.021910
0.021910
-0.021910
0.013863
0.021910
-0.021910
-0.043820
-0.021910
0.021910
-0.021910
0.036889
-0.021910
0.021910
0.021910
-0.021910
-0.021910
-0.021910
-0.021910
0.021910
-0.036900
-0.021910
0.021910
0.021910
-0.021910
-0.021910
0.021910
0.021910
0.021910
-0.021910
0.036889
-0.021910
-0.036889
0.036889
-0.021910
0.021910
-0.074893
-0.016417
0.036889
0.059915
-0.057565
-0.021910
-0.029965
-0.021910
-0.021910
-0.021910
-0.000000
-0.021910
-0.021910
-0.021910
-0.021911
-0.021910
-0.021910
-0.021910
-0.057719
0.049251
0.025903
-0.021910
-0.000000
0.021910
-0.021910
-0.021910
-0.021910
0.021910
-0.021910
0.021910
-0.163860
0.021910
-0.021910
-0.036889
-0.021910
-0.000000
-0.021910
-0.021910
-0.021910
-0.000000
0.021910
0.069078
0.085264
0.021910
0.018385
-0.021980
0.016417
0.021910
0.021910
0.021910
0.021910
0.021910
-0.021910
0.021910
-0.021910
-0.021917
-0.036889
0.016417
-0.021910
0.032834
-0.021910
-0.000000
0.021910
-0.000000
0.021910
-0.021910
-0.021910
-0.021910
-0.021911
0.021910
-0.021910
-0.043820
-0.021910
0.000000
0.036889
0.021910
-0.021910
-0.021923
-0.059915
-0.021910
0.021910
-0.021910
0.021910
-0.021910
0.036889
0.074893
0.021910
-0.021910
-0.065730
0.021910
0.044264
0.021910
-0.021910
-0.138889
0.104850
0.065730
0.021910
-0.021910
0.021910
-0.021910
-0.021910
0.021910
-0.036889
-0.021910
0.021910
-0.021910
0.021910
0.021910
0.021910
-0.021910
0.021910
0.059940
0.021910
0.021910
0.022005
-0.021910
0.021910
-0.036889
-0.021910
-0.065774
-0.021910
-0.021910
-0.055333
-0.021910
-0.021910
-0.021910
-0.036889
-0.021910
-0.131337
-0.016417
-0.021910
-0.021910
-0.021910
0.124813
-0.022113
-0.021910
-0.021910
-0.036899
-0.029882
-0.021910
0.000000
0.021910
0.000007
-0.021910
-0.021910
-0.021910
0.000000
-0.021923
0.021910
0.021910
-0.021910
0.021910
0.021910
0.021910
-0.021910
-0.000000
-0.000005
-0.049251
0.000000
-0.000000
0.021910
-0.021910
-0.027256
-0.021910
-0.021910
-0.021910
-0.037059
-0.021910
-0.036889
-0.025903
-0.103611
-0.044936
-0.036889
-0.098502
-0.044936
-0.036889
0.036889
-0.000000
-0.029957
0.018444
-0.021910
-0.058745
-0.021910
-0.021910
-0.043820
-0.021910
-0.087641
0.021910
-0.049251
0.021910
0.021910
-0.021910
0.021910
0.000190
0.021910
0.021910
0.021910
0.021910
0.021910
-0.021910
0.134233
-0.043820
-0.021910
0.000173
-0.021910
-0.021910
-0.021910
-0.000000
-0.036889
-0.072425
0.036889
-0.021910
0.021910
0.021910
-0.021910
-0.021910
-0.055452
0.021910
0.043820
-0.018444
0.021910
-0.057565
-0.018971
-0.041589
0.034539
0.000000
-0.021910
-0.021910
-0.016417
-0.046813
0.021910
0.021910
0.021910
-0.021910
-0.021910
-0.072683
0.013863
-0.021910
-0.021917
0.021910
-0.021910
0.043820
-0.021910
0.021910
0.021921
-0.021910
-0.021910
0.021910
-0.021910
0.043820
-0.055333
0.021910
-0.021910
0.021910
-0.021910
0.021910
0.021910
-0.021910
-0.021910
0.021910
0.021910
0.021910
-0.021910
0.021910
0.021910
0.021910
0.022021
-0.021910
-0.021910
0.021910
-0.021911
-0.021910
0.021910
-0.021910
-0.021910
0.021910
-0.021910
0.021921
-0.021910
-0.021910
-0.021910
0.021910
0.021910
-0.021910
-0.021910
-0.021910
0.021910
-0.021910
-0.021910
0.021910
-0.021910
-0.021910
-0.021910
0.021910
-0.021910
0.021910
-0.021910
0.021910
-0.021910
0.021910
-0.021910
-0.021910
-0.021910
-0.029957
0.021910
0.021910
-0.021910
-0.021910
0.021910
0.021910
0.021910
0.021910
-0.021910
-0.021910
0.021910
-0.021922
-0.021910
-0.021910
0.041589
0.021910
0.021910
0.021910
0.021921
0.021910
-0.021910
0.021910
-0.043820
-0.021910
-0.021910
-0.021910
-0.043820
-0.021910
-0.043820
-0.065730
0.021910
-0.021910
-0.021910
-0.076243
-0.029957
-0.021910
0.021910
-0.089292
-0.021910
-0.021910
-0.093443
0.021910
-0.093984
-0.029957
0.021910
0.021910
0.021910
-0.064757
-0.021910
-0.051805
-0.036889
0.016445
0.016417
-0.021910
-0.021910
0.021910
0.021910
0.021910
-0.021910
-0.043820
-0.021910
0.022116
-0.021910
-0.021910
-0.032806
-0.021910
-0.043618
-0.094856
-0.000000
0.021910
-0.077708
0.016417
-0.021910
-0.021910
-0.021910
0.021910
-0.023026
-0.021910
-0.021910
-0.021910
-0.021910
-0.021910
-0.105482
-0.001250
-0.049603
-0.082085
-0.025903
-0.036889
-0.012181
-0.021910
-0.021910
-0.021910
0.021910
-0.049251
-0.021910
0.016407
0.029957
-0.021923
0.029957
0.073778
-0.021910
-0.021910
0.021910
-0.014988
-0.000000
0.016407
-0.025903
-0.021910
0.021946
0.043821
-0.018444
-0.087641
-0.065730
-0.021910
-0.021910
-0.021910
0.021910
0.021910
-0.021910
-0.021911
-0.063601
-0.016417
-0.036542
-0.000000
-0.036889
0.000000
0.036889
0.000000
0.021910
-0.000000
0.016412
0.041589
0.031191
0.021910
-0.036889
-0.021910
0.000000
-0.021910
-0.036652
-0.021922
-0.021922
-0.021910
-0.055392
0.021910
0.021921
0.021910
-0.021910
-0.021910
-0.021910
-0.021910
-0.021910
-0.021923
-0.021910
-0.082085
-0.016417
-0.021910
0.016417
-0.021910
0.023026
-0.066405
-0.073083
0.021910
-0.087641
0.016679
-0.000000
-0.038855
-0.013863
0.064757
0.022272
0.036889
0.049251
0.021910
0.021910
0.021910
0.021910
-0.012952
-0.021910
-0.021910
-0.021910
-0.000000
-0.029814
0.013863
-0.021910
0.021910
-0.021910
0.097171
-0.021910
-0.021910
-0.021910
-0.021910
-0.021910
-0.021910
-0.065730
-0.043820
-0.021910
-0.065730
0.021910
-0.059915
-0.036889
-0.021910
0.021910
-0.021910
0.021910
-0.055333
-0.021911
0.021910
-0.030232
-0.021910
0.021910
0.065668
-0.000000
-0.021910
0.021910
0.021910
0.021910
0.021910
-0.055333
-0.036889
-0.065730
0.022021
0.021910
0.021910
-0.021910
-0.021910
-0.021910
0.021910
0.036889
0.021910
0.021947
0.059940
0.021910
-0.000000
0.021910
0.021910
0.021910
-0.021910
0.021910
0.021910
0.021910
-0.021910
0.021910
-0.036889
0.038854
0.021910
-0.021910
-0.021910
-0.021910
0.021910
0.021910
-0.000000
0.021910
-0.065668
-0.021910
-0.021910
0.021910
0.066105
0.036889
0.043821
0.037193
-0.021910
-0.055333
-0.029957
0.021910
-0.021910
-0.021910
0.021910
0.000000
-0.025907
-0.021910
-0.021910
0.021910
-0.000000
0.021910
-0.036889
-0.021910
-0.021910
0.021910
-0.021910
0.021910
-0.021910
-0.036889
-0.021910
0.000031
0.036889
0.021910
-0.032834
0.021910
-0.016417
-0.021910
-0.021910
-0.021910
0.021910
0.021910
-0.021910
0.021910
0.013910
0.021910
0.036889
0.021910
-0.021910
-0.021910
0.021910
-0.021910
0.021910
0.021910
0.021910
-0.021910
0.022116
0.000000
-0.037059
-0.021910
0.021910
-0.109551
-0.021910
-0.021910
0.021921
0.021910
0.021910
0.021910
-0.036889
-0.021910
-0.043820
-0.021910
-0.129111
0.021910
-0.021910
-0.372472
-0.021910
0.021910
-0.036889
-0.049251
0.016417
0.032888
-0.065730
0.021910
-0.000000
0.036889
0.036889
-0.036889
0.021910
-0.021910
0.036898
0.021910
0.021946
-0.083063
-0.021910
0.021910
0.021910
-0.021910
-0.021910
-0.021910
-0.043820
0.021921
-0.036889
0.021910
-0.021910
-0.021910
-0.021910
-0.043820
-0.021910
-0.036889
-0.021910
0.021910
-0.021910
0.021946
0.021910
0.021910
0.043820
0.043820
0.073778
-0.021910
-0.021910
0.021910
-0.021910
-0.000000
-0.000000
-0.043820
-0.021910
-0.021911
0.016417
-0.021910
0.021910
0.016417
-0.021910
-0.021923
-0.021910
-0.021910
-0.000000
-0.021910
0.036889
-0.000010
0.021910
0.021910
-0.021910
-0.021910
-0.021910
-0.000000
-0.043820
0.021910
-0.036889
-0.021910
-0.021910
0.036889
-0.027726
-0.014979
0.021910
0.036889
-0.000000
0.021910
0.021910
-0.016417
-0.021910
-0.036889
-0.021910
0.021910
0.021910
-0.021910
-0.000000
0.021910
-0.021910
-0.016417
-0.036889
0.021910
0.021910
0.021910
0.021910
-0.016417
0.077715
0.098316
0.012068
-0.000000
-0.021910
-0.135164
-0.049251
0.021946
-0.021910
0.021910
-0.021910
0.021946
-0.021910
-0.021910
-0.021910
-0.000000
-0.021910
-0.021910
-0.021910
-0.036889
0.021910
-0.021910
-0.036889
0.021910
-0.036889
-0.021910
-0.043820
-0.021910
-0.021910
-0.021910
-0.021910
-0.021910
-0.021910
0.021910
-0.000000
0.021910
-0.021910
-0.021910
0.036889
0.000000
-0.029957
-0.021910
-0.021910
0.016417
0.022132
0.021910
-0.043820
-0.021910
0.021910
-0.021910
0.043820
-0.021910
0.021910
0.021910
0.021910
-0.021910
-0.021910
-0.021910
-0.021910
-0.021910
-0.021910
-0.021910
-0.021910
0.021910
-0.016417
-0.000000
-0.021910
-0.021911
0.021910
-0.021910
0.021910
-0.021910
-0.021910
0.021910
0.021910
-0.021910
-0.043820
-0.021910
0.021910
-0.021910
0.021910
0.021910
0.021910
-0.000000
0.021910
0.021910
-0.021910
0.021910
0.021910
0.021910
0.021910
0.016417
0.043820
-0.021910
-0.021910
0.021910
0.021910
-0.000707
0.018444
-0.049251
-0.129111
0.021910
0.036889
-0.021910
0.021910
-0.021923
-0.021923
-0.021910
0.021910
-0.021910
-0.021910
-0.021910
-0.021910
-0.021910
-0.021910
0.021910
0.021910
0.021910
0.021910
0.021910
0.021910
-0.021910
-0.021910
-0.021910
-0.021910
-0.021910
0.021910
-0.036889
0.021910
0.021910
-0.021910
-0.021980
-0.043820
0.021910
-0.021910
-0.021910
0.021910
-0.021910
-0.016417
0.021910
0.021910
0.021910
0.036889
-0.021910
0.000061
-0.076468
0.021910
-0.051805
0.038854
-0.021910
-0.021910
-0.052245
-0.046052
-0.065668
-0.080590
-0.029957
0.000000
-0.036889
0.021910
-0.021910
0.021910
-0.043820
-0.055333
-0.021910
-0.021910
0.021910
-0.043820
-0.000000
0.021910
0.021910
-0.021910
-0.021922
-0.021910
-0.021910
-0.021910
-0.021910
-0.043820
0.065730
-0.021910
-0.021910
-0.021910
-0.021910
0.021910
-0.021910
-0.021910
0.021910
0.037076
0.021910
-0.021910
-0.021910
-0.021910
0.021910
-0.021910
0.021910
-0.021910
-0.021910
-0.021910
-0.043820
-0.021910
-0.021910
-0.021910
-0.021910
0.043820
-0.021910
-0.021910
-0.021910
-0.021910
-0.021910
-0.043820
-0.021910
0.000304
0.021921
0.021910
0.021910
0.021910
0.043820
0.036889
-0.021910
0.021910
-0.000000
0.021910
0.043820
-0.021910
-0.000000
-0.043820
0.021910
0.043820
0.021910
-0.021910
-0.000000
0.021910
-0.024545
0.092222
0.021910
0.021910
0.021910
0.021910
-0.021910
-0.021910
0.021910
0.060378
0.021910
-0.000000
-0.036889
-0.021910
-0.000000
-0.065730
-0.021910
-0.021911
0.021910
-0.021910
-0.021910
-0.021910
0.021910
-0.021910
-0.049251
0.043820
-0.021910
-0.043820
-0.021910
0.021910
-0.055333
-0.018444
0.027726
-0.000000
0.021910
-0.043820
-0.021910
-0.021910
0.060903
0.021910
0.021910
-0.021910
-0.021910
0.021910
-0.021910
-0.055333
-0.082085
-0.021910
-0.021910
-0.021910
0.021910
-0.021910
-0.021910
-0.009088
0.021910
0.021910
-0.021910
0.021910
-0.000000
-0.021910
0.021910
-0.036889
-0.021910
0.021910
0.021910
-0.021910
0.021910
0.021910
0.000000
0.065730
-0.021910
-0.021910
0.021910
-0.021910
0.000000
0.016417
-0.021910
-0.021910
0.017378
0.021910
-0.000000
-0.013863
0.021910
0.036889
-0.036889
-0.021910
0.021910
0.021910
0.021910
-0.021910
0.021910
0.021910
-0.021910
-0.021910
0.021910
-0.021910
-0.021911
0.016417
-0.049403
0.029957
-0.000005
0.055333
0.016417
-0.065668
-0.021910
0.021910
-0.036889
0.016417
-0.021910
0.000000
-0.021910
-0.032834
0.021910
0.000000
0.043821
0.021910
0.043821
-0.021910
0.021910
-0.021910
-0.021910
-0.036889
-0.021910
-0.036889
0.021910
-0.021910
-0.021910
-0.021922
-0.021910
-0.021910
0.022272
0.021910
0.021910
0.022021
0.021910
0.049793
0.021910
0.021910
0.021910
-0.021910
-0.021910
-0.021910
0.037076
0.021910
-0.021910
-0.021910
-0.021910
0.021910
-0.021922
-0.021910
0.021910
-0.021910
-0.021910
-0.016426
-0.021910
-0.021910
-0.021910
0.021910
-0.021910
-0.021910
-0.021910
0.021910
-0.021910
-0.036889
-0.021910
-0.036889
-0.021910
-0.021910
-0.021910
-0.021910
-0.021910
-0.000000
-0.021910
0.021910
-0.021910
-0.036889
-0.021910
-0.021917
0.021910
-0.055674
-0.021910
-0.036899
-0.021910
-0.021910
0.021910
-0.000000
-0.021910
-0.018444
-0.043820
-0.021910
0.021910
-0.021910
-0.013863
-0.043820
0.021910
-0.021910
0.021910
-0.021910
-0.014979
-0.021910
0.043820
0.021910
0.021910
0.043820
-0.087154
0.024361
-0.055333
0.016417
0.021910
-0.021910
0.021910
-0.021910
-0.021910
0.036889
-0.060903
0.077708
-0.021910
-0.021910
-0.021910
-0.021910
-0.000000
-0.074893
-0.021910
-0.000000
-0.021910
-0.021910
0.049251
-0.021910
0.036889
-0.039107
-0.021910
-0.021910
-0.000000
0.021910
0.021910
0.021910
-0.021910
0.016417
0.021910
0.021910
0.021910
-0.031192
-0.043820
-0.000000
0.021910
0.021910
0.021946
0.021910
0.021910
-0.016417
0.021910
-0.021910
0.021910
0.021910
0.021910
0.021910
0.021910
0.021910
0.021910
-0.021910
-0.021910
-0.049251
0.021910
-0.000000
-0.077441
-0.021910
-0.021910
-0.021910
-0.021910
0.043820
-0.021910
0.000000
0.021910
0.021910
-0.021910
-0.043820
-0.087392
0.018444
0.021910
0.021910
0.021910
0.021910
0.021910
0.021910
0.074893
0.021910
0.109551
0.043820
0.065730
0.021910
0.114920
0.114920
0.065668
0.055333
0.092222
0.043820
0.036889
-0.021910
-0.000000
0.021910
-0.021910
-0.021910
0.043820
0.022132
0.044264
0.022132
-0.021910
-0.000000
0.021910
0.021910
-0.036889
-0.021910
0.021910
0.043820
0.021910
-0.021910
0.021910
0.022272
-0.021910
-0.021910
-0.021910
-0.029957
0.021910
-0.021910
0.021910
-0.021910
-0.021910
-0.021910
0.037062
-0.021910
0.021910
-0.000000
0.021910
-0.021910
-0.021910
-0.021910
-0.021910
0.021910
-0.021910
-0.021910
0.055333
-0.021911
-0.043820
-0.021910
-0.021910
-0.021910
-0.021910
0.021910
0.021910
0.021910
0.021910
0.021910
-0.043820
-0.065730
-0.021910
-0.021910
-0.036889
-0.175281
-0.295110
-0.065730
-0.043820
-0.021910
-0.024545
0.021946
0.021910
-0.043820
-0.043820
-0.021910
-0.021910
0.021910
0.021910
-0.036889
-0.021910
-0.043821
0.043820
-0.021910
-0.021910
-0.032755
0.043574
-0.018444
0.000000
0.021910
0.021910
0.000000
-0.022113
0.059915
0.021910
-0.036889
-0.021910
0.021910
0.043820
-0.021910
-0.021910
-0.021910
-0.021910
-0.021910
0.021910
-0.021910
0.021910
-0.021910
-0.021910
-0.021910
-0.021910
-0.021910
-0.021910
-0.021910
0.021910
-0.021910
0.000304
-0.021910
-0.021910
0.021910
0.021947
0.021947
0.021947
-0.021910
-0.021910
-0.000000
-0.021910
-0.041594
0.007744
-0.036889
0.016417
-0.036889
-0.021910
-0.021910
-0.021910
-0.021910
0.036883
0.021910
-0.000000
-0.043820
-0.036889
-0.043820
-0.043820
-0.021910
-0.021910
-0.021910
-0.021910
-0.043820
0.021910
0.027726
0.000000
-0.021910
-0.021910
0.016417
-0.021910
-0.021910
0.021910
-0.021910
0.049279
-0.000000
-0.021910
-0.036889
-0.021910
-0.021910
-0.021910
-0.021910
-0.036889
-0.021910
0.021910
0.021910
0.044232
0.021910
-0.021910
-0.021910
-0.021910
-0.021910
-0.021910
0.036889
0.021910
0.043820
0.073778
-0.021911
-0.021910
-0.043820
0.021910
-0.021910
-0.013213
0.022132
0.036889
-0.021910
-0.021910
-0.021910
-0.021910
0.021910
-0.021910
-0.021910
0.043820
0.022005
0.043820
0.021910
-0.021910
0.029829
-0.021910
-0.000000
-0.021910
-0.055333
-0.000000
-0.021910
-0.021910
-0.021910
-0.021911
0.021910
-0.043820
-0.021910
0.021910
0.021910
0.021910
-0.021910
-0.021911
0.021910
0.021910
-0.021910
-0.021910
-0.021910
0.021910
0.021910
-0.000000
-0.039107
0.021910
0.021910
0.021910
-0.021910
-0.021910
-0.021910
-0.021910
-0.021910
-0.021910
0.055333
0.021910
-0.029816
-0.044936
-0.000000
-0.011323
0.021910
-0.021910
0.016417
0.036889
0.021910
0.021910
-0.036889
0.016417
-0.021910
0.022021
0.021910
0.021910
-0.021910
-0.000000
-0.065730
-0.021910
-0.055333
-0.043820
-0.043820
-0.021910
-0.021910
-0.021910
0.021910
0.021910
0.021910
0.021910
0.021910
-0.021910
-0.087641
-0.043820
0.021910
-0.021910
0.021910
0.065668
0.021910
0.059915
0.036889
0.021910
-0.021910
-0.036889
-0.021910
-0.021910
-0.021910
-0.032834
-0.065730
-0.043961
0.000000
-0.021910
0.021910
-0.021910
-0.021910
0.021910
0.021910
0.021910
-0.021917
0.021910
0.021910
-0.021910
-0.021910
-0.021910
-0.000000
0.021910
-0.021910
-0.000000
-0.016418
-0.021910
-0.000000
0.021910
-0.021910
-0.021910
0.021910
0.021910
-0.000000
0.021910
-0.021910
-0.021910
0.021910
0.021910
-0.021910
-0.055333
-0.000000
0.043820
0.021910
-0.021910
0.021910
-0.021910
-0.021910
-0.021910
-0.021910
-0.021910
-0.083178
-0.055333
-0.021910
-0.043820
-0.000000
0.021910
-0.021910
0.021910
-0.021910
-0.021910
0.021910
-0.021910
-0.002218
-0.036889
0.021910
-0.036889
0.021910
0.021910
-0.021910
0.036889
0.021910
-0.036889
-0.021910
-0.021911
0.021910
0.016417
-0.021910
0.021910
-0.021910
-0.021910
0.021910
0.014979
-0.021910
0.021910
-0.021910
-0.016417
-0.021910
-0.021910
-0.021910
0.021910
-0.021910
0.014979
-0.021910
-0.021910
-0.036889
0.041589
-0.014979
0.016417
0.036889
0.021910
0.049251
-0.021910
-0.000000
0.021910
0.021910
-0.021910
-0.049251
-0.000000
-0.021910
-0.021910
0.021910
-0.000000
0.036889
0.021910
0.021910
-0.043820
0.038919
0.016417
-0.000000
0.021910
-0.021910
0.036889
0.036889
-0.036889
0.065730
0.021910
-0.021910
-0.021910
-0.036889
0.021910
0.021910
0.021910
-0.000000
-0.021910
-0.021910
0.021910
-0.021910
-0.021910
-0.021910
-0.021910
-0.043820
0.021910
-0.021910
-0.021910
-0.021910
-0.021910
0.021910
0.021910
-0.000000
-0.021910
-0.021910
0.021910
-0.021910
0.021910
0.060903
0.021854
-0.021910
-0.021910
-0.021922
-0.021922
-0.021910
0.036889
0.021910
-0.021910
0.021910
0.021910
-0.021910
0.080822
0.021910
-0.021923
0.021910
0.021910
0.021910
-0.021910
-0.021910
-0.021910
-0.021910
-0.000000
-0.018444
0.021910
0.016417
0.021921
0.060903
0.021910
0.175281
0.021910
0.021910
0.021910
-0.021910
0.022116
-0.021910
-0.021910
-0.036889
-0.000000
0.021946
-0.021910
-0.036889
-0.021910
-0.021910
-0.021910
0.021910
-0.021910
-0.021910
-0.021910
-0.021910
0.021910
0.021910
-0.021910
-0.044936
-0.021910
-0.018785
-0.000000
0.021910
-0.036889
0.021910
-0.021910
-0.021910
-0.021910
-0.029957
-0.021910
-0.021910
-0.021910
-0.021910
-0.021910
-0.043820
-0.021910
-0.153371
-0.021910
-0.350562
-0.021910
-0.021910
-0.021910
0.021910
0.036889
0.021910
0.021910
-0.021910
-0.065730
-0.016417
-0.000000
0.021910
-0.076474
-0.021910
-0.036889
-0.041589
0.000000
0.021910
0.021910
0.021910
0.019841
0.021910
-0.021910
-0.021910
-0.022113
0.059915
-0.055452
0.021910
-0.021910
-0.073778
0.021910
-0.110666
-0.021910
-0.021910
0.016417
-0.021910
0.021910
-0.016417
0.021921
-0.036889
0.021910
0.021910
0.021910
-0.021910
-0.021910
0.036889
0.021910
0.021910
0.021910
-0.021910
0.049251
-0.049251
0.018434
0.074893
-0.021910
-0.000000
0.081774
-0.021910
-0.021910
0.036889
-0.021910
-0.021910
-0.021910
-0.036890
-0.021910
0.036889
-0.021910
0.021910
-0.021910
0.043820
0.021910
0.013863
0.021910
0.021910
-0.016427
0.000000
-0.021910
-0.021910
-0.000000
-0.021910
-0.036948
-0.057565
-0.021910
-0.000000
-0.036889
-0.000000
-0.021910
-0.036889
0.021910
0.000031
-0.021910
-0.021910
0.021910
0.043820
-0.021910
-0.021910
-0.065774
0.021910
-0.021910
0.037062
-0.021910
0.036889
0.021910
-0.000001
0.021910
-0.115127
-0.021910
-0.021910
-0.021910
-0.000000
-0.000000
-0.097041
-0.043820
0.021910
-0.036889
-0.021910
-0.073083
-0.021910
0.021910
0.000000
-0.021910
-0.043820
0.021910
-0.055333
-0.021910
0.021910
-0.000000
-0.036889
-0.021910
-0.016417
-0.021910
-0.021910
0.021910
-0.021910
-0.021911
-0.021910
-0.021910
-0.021910
0.016417
-0.021910
-0.021910
-0.021910
0.022005
0.021910
0.021910
-0.021910
-0.021910
0.021910
-0.021910
-0.021910
-0.021917
0.021910
-0.021911
0.013863
0.021910
0.036889
-0.036889
-0.036900
-0.000000
-0.036889
0.021910
-0.021910
0.021910
0.021910
0.041589
-0.000000
0.021910
0.018444
-0.016417
-0.021910
-0.065668
-0.016417
-0.000000
-0.021917
-0.021917
-0.037059
0.000000
-0.021910
0.021910
0.021910
0.044936
-0.021910
-0.000000
-0.044936
0.166000
0.110666
0.021910
0.055333
-0.022113
-0.021910
-0.021910
-0.021910
-0.043820
-0.021910
-0.021910
-0.021910
0.021910
0.021910
0.060955
0.016417
-0.021910
-0.021922
0.043820
0.021910
-0.021910
-0.021910
-0.021910
-0.021910
-0.000000
0.022021
-0.021910
0.021910
-0.021910
-0.036889
-0.021910
-0.000000
-0.021910
0.000173
0.021910
-0.021910
-0.021910
0.021910
-0.012951
0.021910
-0.021910
-0.021910
-0.000000
-0.000000
-0.021910
-0.000000
0.021910
0.021910
-0.036889
0.021921
-0.036889
-0.021910
-0.021910
0.021910
-0.021910
-0.021910
-0.016417
-0.018444
-0.021910
-0.021910
0.021910
-0.065730
-0.021910
-0.021911
-0.021910
-0.000000
-0.021910
-0.021910
0.021910
-0.021910
-0.021910
0.055333
-0.021910
0.021910
0.021910
-0.055333
-0.021910
-0.000000
0.021910
0.043820
-0.043820
0.021910
-0.021910
-0.021910
-0.021910
-0.036889
-0.016426
0.036889
0.016417
-0.000000
0.021910
-0.021910
-0.021910
0.021910
0.021910
-0.021910
-0.021910
-0.021910
-0.021910
-0.036889
-0.000000
-0.000000
0.021910
-0.029965
-0.000000
0.014979
0.029957
0.025903
0.038854
0.021910
0.021910
-0.021910
-0.021910
0.021910
-0.021910
-0.021910
0.021910
-0.021910
-0.021910
0.021910
-0.043820
0.021910
0.021910
0.021910
-0.021910
-0.021910
-0.021910
0.021910
0.022272
0.021910
-0.021910
-0.021910
0.036889
-0.000000
0.021910
0.021910
-0.000000
-0.021910
-0.021910
-0.021910
-0.021910
-0.000000
0.021910
0.010403
0.021910
0.021910
0.043820
0.016417
-0.018444
-0.000000
0.021910
-0.021910
-0.021910
-0.021910
-0.021910
-0.036890
-0.021910
0.016417
-0.021910
-0.021910
-0.021910
-0.021910
-0.021910
0.024361
-0.065730
-0.021910
-0.021910
-0.021910
0.021910
-0.021922
-0.021910
0.021910
0.021910
0.065730
0.021910
0.021910
0.022005
-0.000000
0.021910
0.021910
0.022021
0.021910
-0.021910
-0.034825
0.036889
0.021910
0.021910
0.000025
0.021910
0.021910
0.021910
0.021910
0.021910
0.021910
0.021910
0.036889
0.021910
0.021910
0.021910
0.021910
0.022116
-0.016417
0.036889
0.021910
-0.021910
-0.021910
0.016417
-0.016417
0.021910
-0.043820
-0.021910
-0.065730
0.021910
0.021910
0.021910
0.000000
0.126791
0.104351
0.021910
0.041589
0.021910
0.000047
0.021910
0.043820
0.022132
0.021910
0.021910
0.021910
0.131337
0.022132
0.021910
-0.021910
-0.036890
0.021910
0.021910
0.021910
0.016417
-0.021910
0.021910
0.021910
-0.036889
0.000122
0.022116
0.021910
-0.000000
0.021910
0.021910
-0.021910
0.021910
-0.021910
-0.021910
-0.000000
0.000000
0.021910
-0.021910
-0.021910
-0.021910
0.037062
0.021910
-0.021910
-0.021910
0.021910
-0.021910
0.021910
0.021910
-0.021910
-0.000000
0.055333
0.036889
0.049251
-0.000000
-0.036889
0.021910
-0.021910
-0.021910
-0.043820
0.021910
0.021910
0.021910
0.037062
-0.016417
0.043820
0.021910
-0.021910
0.021910
-0.021910
0.021910
0.021910
-0.021910
-0.021910
-0.021910
-0.021910
0.035513
-0.000000
-0.021980
-0.010392
-0.059915
-0.021910
0.038854
-0.021910
0.021910
0.021910
-0.021910
-0.021910
0.021947
0.021910
-0.036889
0.021946
0.021910
0.021910
-0.021910
0.021921
-0.021910
0.021910
0.021910
-0.021910
-0.021910
-0.021910
-0.021910
0.021910
-0.021910
0.021910
0.018444
0.021910
0.021910
-0.021910
0.022005
0.043820
0.021910
0.021910
-0.021910
-0.021910
0.021910
0.021910
-0.021910
0.021910
-0.021910
-0.021910
-0.021910
-0.021910
-0.021910
-0.021910
-0.021910
-0.021910
0.021910
0.021910
0.021946
0.036889
-0.021910
-0.021910
-0.000000
-0.043820
-0.021910
-0.021910
-0.021910
-0.021910
0.021910
-0.049251
-0.021910
-0.021910
-0.021910
0.021910
-0.021910
0.021910
-0.021910
-0.116566
0.021910
0.021910
0.021910
-0.021910
0.021910
0.021910
-0.036889
0.021910
0.021921
0.021910
-0.021910
-0.000001
-0.000000
0.021910
-0.021910
0.021910
0.021910
0.021910
0.021910
0.021910
-0.021910
-0.021910
-0.021910
-0.129111
0.021910
-0.021910
-0.021910
-0.021910
-0.021910
-0.036889
-0.000000
-0.000000
-0.021910
-0.021910
0.021910
-0.021910
-0.021910
-0.043820
-0.021910
-0.021910
0.065669
0.021910
-0.021910
0.021910
-0.021910
-0.036889
-0.021911
-0.021910
-0.000001
-0.029079
-0.029932
0.043894
0.021910
-0.021910
0.021910
-0.021910
-0.021910
-0.021910
0.036889
0.036889
0.021910
0.036889
0.036889
-0.021910
-0.043820
-0.021910
-0.021910
-0.021910
0.021910
0.021910
0.021910
0.021910
-0.065730
-0.021910
-0.021910
-0.021910
-0.021910
-0.021910
-0.043820
-0.021910
-0.021910
-0.036890
-0.021910
0.021910
-0.021910
-0.015530
-0.029957
-0.021910
-0.021910
-0.021910
-0.043820
-0.021911
-0.021910
-0.021910
-0.036889
0.021910
-0.036889
-0.021917
-0.021910
0.036889
-0.021910
-0.021910
-0.055333
-0.049251
0.000079
-0.021910
-0.021910
-0.046052
0.021910
-0.000000
0.021910
-0.021910
0.021910
0.021910
0.098668
0.037062
0.036919
0.055333
0.036920
0.021910
0.021910
-0.021910
0.022021
-0.000000
0.021910
-0.016417
0.000000
-0.036889
-0.016417
-0.021910
-0.021910
-0.055333
0.021910
-0.043820
-0.021910
-0.036889
-0.032834
-0.021910
-0.021910
0.021910
0.021910
-0.000000
0.021910
0.021910
0.021910
-0.021910
-0.021910
-0.021910
-0.021910
0.021910
-0.021910
-0.000000
0.021910
0.021910
0.021910
-0.021910
-0.021910
0.029957
-0.016417
0.021910
0.043820
-0.043820
-0.021910
0.021910
-0.021910
-0.021910
0.055333
0.021910
-0.000000
0.036889
0.059915
0.021910
0.043820
-0.000000
0.043820
0.021910
0.021910
0.021910
0.021910
0.021910
0.021910
0.021910
-0.021910
-0.021910
-0.021923
-0.021910
0.055333
-0.021910
-0.021910
0.022021
0.021910
-0.000000
0.021910
-0.000000
-0.000000
0.021910
0.021910
-0.021911
0.021910
-0.043820
-0.036889
0.022116
0.021910
-0.021910
0.021910
-0.021910
-0.097041
-0.027726
-0.016263
-0.000000
-0.021910
0.021910
0.021910
0.065544
0.036889
0.021910
0.027726
-0.021910
0.021910
-0.021910
0.036889
-0.021910
0.021910
0.021910
-0.021910
-0.036889
-0.021910
-0.036889
-0.021910
0.021910
0.021910
0.021910
-0.021910
-0.021910
-0.021923
0.021910
0.021921
-0.021910
-0.073778
-0.036889
-0.021910
0.021910
-0.016417
-0.021910
0.021910
-0.016417
0.036889
-0.021910
-0.021910
-0.021910
-0.021910
-0.021910
0.021910
0.021910
-0.013863
0.043820
0.021910
-0.021910
-0.021917
-0.021910
0.021910
0.021910
-0.043820
-0.055333
-0.021910
-0.021910
-0.021910
0.021921
-0.036889
-0.043820
0.065730
-0.021910
-0.021910
-0.018444
-0.044936
-0.073778
-0.021910
0.036968
-0.000000
-0.055333
-0.021910
-0.021910
0.021910
-0.021910
-0.021910
-0.000000
-0.021910
-0.021910
-0.021910
-0.109551
-0.249533
-0.021910
0.021910
-0.021910
-0.043820
0.021910
-0.021910
-0.055333
0.021910
0.021910
0.021910
-0.021910
-0.021910
0.021910
0.021910
-0.021910
-0.021910
0.032834
-0.021910
-0.021910
0.000031
0.022021
-0.000000
0.021910
-0.021910
-0.021910
-0.021910
-0.043820
-0.021910
-0.021910
0.021910
-0.021910
-0.021910
0.043820
-0.021910
-0.021910
-0.016417
0.021910
-0.016417
0.000000
0.021910
-0.036889
0.000000
0.021910
-0.000000
0.021910
-0.021910
0.021910
0.021910
0.021910
-0.029957
-0.090659
0.021910
-0.021910
0.022021
-0.021910
-0.043820
-0.036889
-0.043820
0.016417
-0.021910
-0.021911
0.021910
0.021910
0.022272
-0.021910
-0.021911
0.064692
0.021910
-0.021910
0.036889
0.021910
0.021910
0.021947
0.043894
0.022005
0.021910
-0.021910
0.021910
0.021910
-0.036702
-0.021910
-0.021910
0.021910
-0.036889
-0.016417
0.021910
-0.021910
-0.021910
0.021910
-0.021910
-0.092222
-0.021910
0.055413
-0.021910
-0.021910
-0.021910
-0.021910
0.021910
0.021910
-0.036889
-0.021910
-0.021917
-0.021910
-0.021910
0.021910
0.021910
-0.021910
-0.021910
-0.036889
-0.021910
0.021910
-0.065730
-0.010957
-0.043820
0.021910
0.026024
-0.049251
-0.021910
0.021910
0.021910
0.021910
0.021910
-0.021910
-0.021910
-0.021910
-0.065730
-0.021910
-0.021910
-0.021910
-0.000000
-0.029957
-0.021910
-0.021910
-0.021910
-0.059915
-0.036900
-0.036948
0.032189
-0.000059
-0.021910
-0.036889
-0.041589
-0.036889
-0.021910
-0.000000
-0.021910
-0.021910
-0.021910
0.021910
-0.021910
-0.021910
-0.021910
0.021910
0.021910
-0.021910
-0.036889
-0.021910
-0.021910
0.065730
0.021910
-0.021910
-0.087641
-0.021910
-0.021910
0.021910
-0.021910
-0.021910
-0.074894
0.021910
-0.021910
0.043820
-0.021910
0.021848
-0.000000
-0.029957
0.166000
0.110666
0.021910
0.021910
0.043820
-0.021910
0.021910
-0.129111
-0.021910
-0.043820
-0.021910
-0.043820
-0.018444
-0.055333
-0.021910
-0.043820
-0.055333
-0.087641
-0.021910
0.021910
0.021910
0.021910
0.021910
-0.043820
-0.021910
-0.021910
-0.021910
-0.021910
-0.021910
0.021910
-0.000000
-0.021910
-0.089872
-0.048608
-0.043820
-0.021910
-0.051934
0.021910
0.021910
0.022021
0.021910
-0.021910
-0.021910
0.074893
-0.036889
-0.021910
-0.029957
0.021910
0.021910
0.022116
0.021910
0.021910
0.021910
-0.024545
0.000167
-0.021910
-0.021917
0.021910
-0.021910
0.021910
0.021910
0.021910
0.021910
-0.021910
-0.021910
0.021910
-0.021910
0.065730
0.021910
0.021910
0.021910
0.021910
-0.021910
0.013863
0.021910
0.000000
0.021910
0.021910
0.021910
0.065668
0.021910
0.021910
0.021910
0.021910
0.021910
-0.021910
-0.021910
0.021910
0.021910
0.021910
0.021910
-0.021910
0.021910
-0.000000
-0.000000
-0.021910
-0.021910
-0.021910
-0.021910
-0.036889
0.021910
0.021910
-0.021910
-0.021910
-0.043820
0.036889
0.021910
-0.021910
0.021910
-0.021910
0.016417
0.011513
0.021910
-0.021910
0.021910
0.021910
0.021910
0.016426
0.021910
0.021910
-0.036889
0.021910
0.036982
-0.073778
-0.021910
-0.021910
0.021910
0.021910
0.055333
-0.021910
0.021910
-0.000000
0.021910
-0.013863
-0.021910
-0.021910
-0.021910
-0.021910
0.021910
-0.021910
-0.000000
-0.069315
-0.055333
-0.036427
-0.016389
-0.000000
-0.036889
0.021910
0.032834
0.036889
-0.036889
-0.021910
-0.021910
-0.000000
-0.021910
-0.016417
0.021910
0.021910
-0.012181
-0.018444
0.021910
-0.014979
-0.000000
-0.021910
0.021910
0.049278
0.021910
0.021910
0.021910
0.021910
0.021910
-0.021910
-0.021910
0.016417
0.021910
-0.016426
0.021910
-0.021910
-0.021910
0.021910
0.021910
-0.021910
-0.021910
-0.021910
0.021910
-0.000000
-0.021910
-0.021910
0.021910
0.021910
-0.021910
-0.021910
-0.021910
0.021910
-0.021910
0.000000
-0.021910
-0.021910
-0.021910
-0.021910
-0.021910
-0.021910
-0.021910
-0.021910
-0.021910
-0.021910
-0.074893
-0.044936
-0.021910
-0.021910
-0.016418
0.021910
-0.021910
-0.043820
-0.021910
-0.021910
-0.021910
-0.021910
-0.021910
-0.021910
0.021910
-0.109551
-0.021910
0.021910
0.021910
0.021910
0.016417
0.016425
0.021910
-0.021910
-0.021910
-0.021910
-0.021910
-0.021910
-0.021910
-0.021910
-0.021910
-0.021910
0.021910
-0.021910
0.021910
0.021910
-0.021910
-0.021910
-0.021910
0.021910
-0.021980
-0.021910
-0.021910
-0.021910
-0.021910
-0.021910
-0.016417
-0.021910
0.021910
0.083178
0.021910
-0.021910
-0.036889
-0.021910
0.021910
-0.021910
-0.129111
-0.021910
-0.166000
-0.036889
-0.021910
-0.021910
-0.021910
0.021910
0.021910
0.021910
-0.043820
0.021910
0.021910
-0.021910
-0.021910
-0.021910
0.128037
-0.021910
-0.010375
0.021947
-0.021910
-0.021910
-0.021910
-0.036889
-0.021910
0.021910
-0.021910
-0.029957
0.021910
-0.021910
0.000000
0.021910
-0.021910
-0.021910
-0.021910
0.021910
0.021910
0.022272
-0.021910
-0.021910
-0.036900
-0.021923
-0.021910
0.021910
0.021910
0.021910
0.024361
0.021910
-0.021917
0.036889
0.021910
-0.021917
-0.021917
-0.021910
-0.021910
0.021910
0.021910
0.021910
-0.021910
-0.021910
-0.021910
0.021910
0.021910
0.021910
0.021910
-0.021910
-0.016417
-0.036889
-0.016417
-0.036889
-0.021910
0.021910
-0.038854
0.021910
-0.016409
0.049251
0.021910
0.027786
-0.036889
-0.021910
-0.021910
0.022132
0.000187
-0.021910
0.021947
0.021910
0.065730
-0.021910
-0.021910
0.021910
-0.037059
-0.020066
-0.016417
-0.055452
-0.021910
-0.021910
-0.021910
-0.021910
-0.021910
-0.021910
-0.021910
-0.055333
0.021910
-0.021910
-0.021910
-0.021910
-0.021910
-0.021910
-0.021910
0.021910
0.022272
-0.021910
-0.021910
-0.000000
0.021910
0.021910
0.021910
-0.036895
-0.014838
-0.016426
-0.036889
-0.043820
0.049445
-0.021910
-0.021910
-0.021910
0.021910
0.021910
-0.021910
-0.022113
0.021910
-0.021910
-0.021910
0.021946
-0.021910
0.021910
-0.065730
-0.021910
-0.018444
-0.043820
-0.021910
-0.021910
-0.065730
-0.018444
-0.021910
-0.021910
-0.021910
-0.021910
-0.036889
-0.000000
-0.021910
-0.043820
-0.021910
0.021910
0.021910
-0.021910
0.021910
-0.021910
0.021910
0.021910
-0.021910
0.021910
-0.021910
-0.021910
-0.021910
-0.021910
0.021946
0.021910
0.000000
0.021910
0.065730
0.021910
0.043892
-0.021910
0.021910
0.021910
0.043820
0.021910
0.055452
-0.021910
-0.000000
-0.036889
-0.021910
-0.109551
-0.021910
0.043820
0.021910
0.129111
0.036889
0.049279
-0.021910
0.082141
0.036920
0.021910
0.021910
-0.000059
-0.021910
0.021910
-0.021910
0.043820
-0.024545
0.021910
-0.021910
-0.021910
-0.011383
-0.037163
-0.021910
0.029957
-0.021910
-0.021910
0.021910
-0.021910
0.029800
-0.036889
-0.056094
-0.021910
-0.000000
0.021910
0.036889
-0.021910
0.055333
0.021910
0.021910
0.021910
-0.059915
-0.021910
0.021910
-0.021910
-0.021910
0.021910
0.021910
-0.021910
-0.077441
0.016417
0.021910
-0.016417
0.021910
-0.075800
-0.021910
0.021910
-0.043820
0.021910
0.022132
-0.021922
0.073778
-0.021910
-0.021910
0.021910
-0.021910
0.021910
-0.021910
-0.021910
0.016417
-0.036889
-0.073778
-0.021910
-0.021910
-0.021910
-0.021911
0.021910
0.021910
-0.021910
-0.021910
-0.021910
0.043820
0.021910
0.021910
0.021910
-0.021910
0.021910
0.032834
0.021910
-0.016417
-0.021910
-0.021910
-0.000000
0.021910
0.036889
-0.016417
-0.021910
0.016417
0.021910
0.022116
-0.021910
-0.016417
0.016407
0.021910
-0.021910
-0.021910
-0.016417
-0.021910
-0.043820
-0.036889
0.021910
0.021910
0.055333
0.021910
-0.021910
-0.021910
-0.043820
0.021910
-0.021910
-0.021910
-0.021910
-0.021910
-0.021910
-0.021910
0.021910
0.021910
-0.021910
0.021910
-0.021910
-0.021910
0.021910
-0.021923
0.021910
0.021910
0.021910
0.036889
0.021910
0.021910
0.043820
0.021910
0.021910
0.021910
0.021910
0.021910
0.043820
-0.021910
-0.021910
-0.021910
0.036889
0.021910
0.021910
-0.060819
-0.021910
-0.021910
-0.049251
0.021910
-0.021910
-0.036542
-0.021910
0.022116
-0.021910
0.021910
0.021910
0.021910
0.021910
0.021910
0.021910
0.036968
-0.021910
-0.021910
0.036889
-0.021910
-0.000000
-0.021910
-0.021910
-0.021911
-0.043820
-0.021910
0.021910
-0.021910
-0.021910
-0.021910
-0.043820
-0.114992
-0.036900
0.021910
-0.021910
0.021910
0.021910
0.021910
0.021910
-0.021922
-0.021910
-0.021910
-0.021910
-0.021910
-0.021910
-0.109551
-0.021910
-0.021910
0.043820
-0.036889
0.021910
-0.049251
-0.021910
-0.021910
-0.021910
-0.021910
-0.021910
-0.021910
-0.024361
-0.021910
-0.021910
0.036889
-0.021910
-0.029957
0.079365
-0.021910
-0.090664
-0.021910
0.021910
0.021910
-0.021910
-0.021910
0.043820
-0.018444
-0.000171
-0.021910
0.021910
0.021910
0.021910
0.021910
-0.021910
-0.036889
-0.043820
-0.021910
0.043820
0.066348
-0.043820
-0.021910
-0.021910
-0.021910
0.021910
0.021946
0.022021
0.021910
0.021910
0.021910
-0.021922
0.021910
0.021910
0.021910
-0.021910
-0.021910
-0.021910
-0.016422
-0.021910
-0.000000
-0.021910
-0.036889
0.022132
-0.021910
-0.021910
0.015003
0.029957
0.021910
0.021910
0.037193
0.021910
-0.021910
0.021910
0.036889
-0.043820
-0.021910
-0.021910
0.022005
0.021910
0.021910
0.021910
-0.043820
0.021910
0.055637
-0.021910
-0.024545
-0.043820
0.021910
-0.021910
-0.021910
0.021910
0.021910
0.021910
-0.021910
-0.016417
-0.021910
-0.021910
0.021910
-0.021910
-0.032834
-0.021910
0.021910
-0.000000
0.021910
-0.021910
-0.021910
0.000030
-0.021910
-0.021910
0.021910
-0.021910
0.021910
-0.021910
-0.021910
-0.036889
-0.041458
0.000176
-0.016334
-0.021910
0.021910
0.021910
-0.021910
-0.021910
0.000000
0.021910
-0.021910
-0.043820
-0.021910
-0.049251
-0.043820
-0.021910
-0.021910
0.021910
-0.021910
-0.000000
-0.021910
-0.021910
0.021910
-0.021910
0.021910
0.065730
-0.021910
-0.021910
-0.021910
-0.021910
-0.021910
-0.036889
0.021910
0.021910
0.021910
-0.021910
-0.021910
0.021910
-0.043820
-0.021910
0.021910
0.021910
-0.021910
-0.021910
-0.021910
-0.021910
-0.021910
0.000000
-0.021910
0.021910
0.021910
-0.000000
-0.000000
-0.021910
-0.021910
-0.021910
0.021910
0.043820
0.036889
0.036968
0.021910
0.021910
0.021910
0.059915
-0.021910
0.021910
0.021910
0.021910
0.021910
-0.021910
-0.014978
0.000000
-0.016417
-0.021910
-0.074893
-0.065668
-0.065730
-0.055333
0.043821
-0.065730
-0.021910
-0.021910
-0.021910
-0.021910
-0.021910
-0.021910
-0.036889
-0.021910
-0.021910
-0.021910
0.000000
0.021910
-0.021910
-0.023026
-0.021910
0.021910
-0.013863
-0.000000
0.016417
-0.021910
0.021910
0.049251
0.021910
-0.016417
-0.036889
0.032834
0.021910
-0.021910
0.021910
0.043820
-0.021910
-0.021910
-0.021910
0.021910
-0.049251
-0.021910
-0.021910
0.010397
0.036889
-0.021910
-0.021910
-0.021910
0.021910
0.000000
-0.021910
-0.021910
-0.021910
0.021910
-0.021910
-0.021910
0.021910
0.021910
-0.021910
0.021910
-0.021910
-0.021910
-0.021910
-0.000000
-0.021910
0.021910
-0.036889
0.021910
-0.000000
0.021910
-0.021910
0.021910
0.021910
-0.170744
-0.021910
0.021910
-0.000000
-0.021910
-0.039107
0.021910
0.024414
0.032834
0.055452
-0.021910
-0.025903
0.021910
-0.021910
0.016417
-0.021910
-0.000000
-0.021910
0.022021
-0.021910
-0.021910
-0.021910
-0.021910
0.021910
-0.021910
0.021910
-0.021910
-0.021910
0.021910
0.021910
-0.021910
0.021910
-0.021910
-0.021910
-0.021910
-0.021910
0.043820
0.021910
-0.021910
-0.043820
0.043820
-0.021910
-0.021910
0.016417
-0.021910
0.021910
-0.021910
-0.021910
-0.021910
0.021910
-0.043820
-0.021910
0.021910
0.021910
-0.021910
0.021910
-0.021910
-0.021910
0.021910
0.021910
0.021910
0.021910
0.021910
0.021910
-0.021910
0.021910
-0.021910
0.021910
-0.021910
-0.021910
-0.021910
-0.036889
-0.021910
-0.021910
-0.021910
0.021910
-0.000000
-0.021910
0.021910
0.021910
0.021910
-0.000000
-0.021910
-0.021910
0.025903
0.161181
-0.021910
0.021910
0.021910
0.018444
0.021910
-0.021910
-0.021910
-0.021910
-0.021910
0.021910
-0.021910
0.021910
-0.065730
-0.000000
0.021910
0.029957
0.016417
0.021910
0.022132
-0.021910
-0.021910
0.021910
0.021910
0.043820
0.021910
0.021910
-0.036889
-0.000000
0.021910
0.021910
-0.021910
0.021910
-0.021910
0.021910
0.021910
0.021910
0.021910
0.089937
0.043820
0.073778
0.021910
0.043820
0.036898
0.021910
-0.021910
0.069315
0.059907
-0.021910
0.021910
0.021910
-0.021910
-0.000001
0.043820
0.021910
0.021910
0.021910
0.043820
0.021910
0.021910
-0.021910
0.000000
-0.000000
0.065730
0.021910
-0.036889
0.043820
0.043820
0.043820
0.043820
0.021910
0.021910
0.021910
-0.021910
-0.021910
0.021921
-0.037059
0.018444
0.021910
-0.021910
-0.021910
-0.021910
-0.021910
-0.036889
0.020984
-0.021910
-0.021910
0.104915
0.021910
-0.082085
0.021910
0.036889
0.152552
0.055333
0.021910
0.036889
0.059915
0.021910
0.021910
-0.021910
-0.021910
-0.024545
-0.021910
0.021910
0.021910
-0.043820
-0.039107
0.021910
-0.021910
-0.024545
-0.021910
-0.021910
-0.021910
0.036889
0.029983
-0.043820
-0.021910
0.021910
-0.021910
0.021910
0.021910
-0.016417
-0.021910
-0.041589
-0.021910
-0.021911
-0.055334
-0.021911
-0.021911
0.021910
-0.021910
-0.043820
-0.021910
0.021910
0.021910
-0.000000
-0.016417
0.022116
-0.021911
-0.021910
-0.043820
0.021910
0.043820
0.000000
-0.021910
0.021910
-0.043820
0.036889
-0.021910
-0.021910
-0.021910
0.021910
0.021910
-0.021910
-0.021910
-0.021910
-0.036889
-0.021910
-0.021922
-0.000000
-0.021911
-0.021910
-0.021910
-0.043820
0.033194
-0.021910
0.021910
0.021910
0.021910
0.021910
-0.036889
-0.016417
-0.021910
-0.022113
0.021910
-0.036889
-0.036889
0.021910
-0.043820
-0.021910
-0.021910
-0.043820
0.021910
0.021910
-0.021910
-0.021922
-0.036889
0.021910
-0.021910
0.021910
0.021910
-0.021910
-0.036889
-0.021910
-0.055392
0.021910
-0.036889
0.021910
-0.021910
-0.021910
-0.021910
-0.021910
-0.021910
-0.021910
-0.021910
0.021910
-0.065730
-0.021910
0.021910
-0.021910
-0.021910
0.021910
0.000000
-0.021910
0.013863
0.021910
-0.021910
-0.197191
-0.021910
0.000093
0.021910
-0.018444
-0.021910
-0.021910
-0.021910
-0.021910
-0.021910
-0.065730
-0.036889
-0.021910
0.021910
-0.021917
0.036889
-0.021910
-0.021910
0.021910
0.055333
0.021910
0.043820
-0.021910
-0.049090
0.021910
-0.036889
0.021910
-0.021910
-0.029957
0.032834
0.022021
-0.021910
0.000083
0.000017
-0.034539
-0.036889
-0.087641
-0.000000
-0.000000
0.059915
0.041589
0.021910
-0.021910
-0.016569
-0.021910
-0.021910
-0.021910
0.021910
0.021910
-0.021910
0.021910
-0.021910
-0.021910
0.021910
-0.021910
0.043820
-0.021910
0.021910
0.021921
-0.021910
-0.021910
-0.021910
-0.021910
-0.021980
-0.021910
0.021910
-0.021910
-0.021910
-0.021910
0.021910
-0.021910
-0.021910
-0.021910
0.021910
-0.021910
-0.021910
-0.018271
0.021910
0.021910
-0.016417
-0.021910
-0.014979
-0.021910
-0.021923
-0.021910
-0.037059
0.000000
-0.021910
-0.021910
0.021910
-0.021910
0.022116
-0.021911
-0.021910
-0.021910
0.092222
-0.043847
-0.029957
-0.021910
0.021910
0.049251
0.016417
-0.012951
-0.021910
-0.021910
-0.021910
-0.021910
0.021910
0.013355
0.021910
0.021910
0.021910
0.077773
0.000000
-0.021910
0.021910
0.013863
0.073084
0.014979
-0.021910
-0.021910
-0.021910
-0.021910
-0.021910
0.021910
-0.021910
-0.021910
0.021910
-0.021910
0.021910
0.021910
0.021910
-0.000000
-0.049251
0.032834
0.036889
0.021910
0.055526
-0.018444
0.036889
0.032834
0.021910
0.027726
0.021910
0.021910
0.022116
0.000173
-0.021910
0.021910
0.021910
-0.021910
0.036889
-0.021910
-0.021910
-0.018444
0.036889
0.021910
0.022021
0.021910
0.036968
0.021910
0.021910
0.021910
0.098502
0.032834
0.016417
-0.021910
-0.016417
-0.021910
-0.021910
0.021910
0.021910
0.021910
-0.021911
0.021910
0.021910
0.021910
-0.021910
0.021910
-0.021910
0.021910
0.021910
-0.021910
0.021910
0.021946
-0.021910
0.021910
0.036889
0.049260
0.044944
-0.025903
0.000009
0.075990
-0.021910
0.021910
0.021910
0.021910
0.021910
0.018444
0.077708
0.048722
0.021910
-0.021910
0.049251
-0.041589
-0.021910
-0.021910
-0.021910
-0.021910
-0.018444
0.021910
0.021910
0.043820
0.021910
-0.021910
-0.021910
-0.021910
-0.016417
-0.021910
-0.021910
-0.043820
-0.021910
0.021910
-0.043820
-0.021910
0.021910
0.045183
0.016488
0.021910
0.021910
0.021910
-0.021910
0.016417
-0.036889
0.016417
0.036889
0.023026
-0.021910
0.021910
0.016417
0.000000
-0.021910
-0.000000
-0.021910
-0.102941
-0.021910
-0.021910
-0.032772
-0.021910
-0.021910
-0.049251
0.021910
-0.000000
0.021910
0.043820
0.043820
0.021910
0.043820
0.021910
0.021910
0.021910
0.022116
-0.021910
-0.021910
0.021910
-0.021910
0.021910
0.021910
-0.049603
0.032834
-0.014988
-0.023026
0.014979
0.013735
-0.026022
0.021910
0.000000
-0.029957
0.049251
0.021910
0.109551
0.021910
0.022005
0.021910
0.044009
-0.021910
-0.021910
0.021910
-0.049251
-0.016417
-0.022113
0.021910
-0.021910
-0.021910
-0.021910
-0.021910
0.021910
-0.043696
0.018444
0.034539
0.021910
-0.008047
-0.000000
-0.021910
-0.021910
-0.021910
-0.021910
0.065544
-0.036342
-0.036556
-0.029957
-0.010931
-0.036542
-0.036889
-0.021910
-0.021910
0.016417
-0.021910
-0.021910
-0.021910
-0.024294
-0.065544
0.000000
-0.021910
-0.008370
-0.021910
-0.016417
0.036889
-0.032806
0.021910
0.021910
0.021910
0.021910
0.021910
0.021910
-0.016417
-0.068239
0.021910
-0.016013
0.021910
0.055452
-0.000000
0.021910
0.021910
0.016417
-0.013863
0.049251
-0.021910
-0.036889
-0.021910
0.021910
0.021910
-0.021910
-0.043844
0.000000
-0.021910
-0.016417
0.021910
-0.000000
0.021910
-0.021910
0.021910
0.021910
-0.021910
-0.021910
-0.021910
-0.077691
0.021910
0.036889
-0.021910
-0.065730
-0.021910
-0.021910
-0.021910
-0.081768
-0.021910
-0.049257
0.021910
-0.021917
-0.021917
0.021910
0.021910
0.036889
0.021910
0.021910
-0.021910
-0.021910
-0.021910
-0.000000
0.021910
0.021910
-0.021910
-0.000011
-0.021923
-0.025903
-0.021910
-0.000000
-0.021910
0.036889
-0.021910
0.021910
0.000542
-0.036889
-0.021910
-0.036889
-0.021910
-0.021910
0.021910
-0.021910
0.021910
-0.021910
-0.021911
-0.043820
-0.000000
-0.021910
-0.000001
0.021910
-0.021910
-0.021910
0.021910
0.021910
0.021910
0.043821
0.021910
0.021910
-0.021910
-0.021910
-0.087641
-0.065730
0.021910
0.021910
-0.021910
-0.021910
0.000000
-0.000000
0.021910
0.055333
0.022021
0.021910
0.021910
-0.021910
-0.021910
-0.021910
0.021921
0.021910
-0.021910
-0.021910
-0.021910
-0.043820
-0.021910
-0.021910
-0.039118
-0.021910
-0.041583
0.021910
-0.036889
-0.021910
-0.021910
0.021910
0.021910
-0.073778
0.021910
0.021910
-0.029957
-0.109240
0.021910
-0.031192
-0.000000
-0.000000
-0.021910
0.021910
0.021910
0.021910
0.021910
-0.158348
0.020795
0.021921
0.021910
-0.021910
-0.021910
-0.021910
0.043820
-0.049251
0.021910
-0.021917
-0.021910
0.022272
0.064878
-0.000000
0.077708
-0.074893
-0.021910
0.029957
0.021910
0.038854
0.021910
0.022272
-0.024545
0.036889
0.021910
0.021910
0.021910
-0.059524
0.055333
-0.000000
-0.161379
0.021910
0.000000
-0.015175
0.000000
0.021910
-0.021910
-0.021910
0.021910
0.021910
0.021910
-0.043820
-0.064757
-0.069719
0.021910
-0.021910
-0.175281
-0.021910
-0.021910
-0.038732
-0.021910
0.043820
0.021910
-0.036889
0.131461
0.021910
-0.016417
-0.021910
0.000000
0.055333
0.036889
-0.021910
0.021910
0.022116
0.021910
0.021910
-0.021910
-0.021910
-0.021910
-0.021910
-0.021910
-0.021910
-0.043820
0.021910
0.021910
0.021910
0.036889
0.021921
0.000000
0.000000
0.022272
0.021910
0.000000
-0.021910
-0.000000
0.021910
-0.021910
-0.021910
0.021910
0.021910
-0.021910
-0.021910
0.021910
-0.043820
-0.021910
-0.016417
0.021910
-0.021910
0.021910
-0.021980
0.021910
-0.021910
0.021910
-0.021910
0.021910
0.021910
-0.021910
-0.021910
0.018444
0.033105
-0.021910
-0.000000
0.021910
0.000173
-0.029957
0.021910
-0.021910
-0.016417
-0.036889
-0.037292
0.021910
-0.077708
0.021910
-0.029762
-0.021910
-0.000000
0.021910
0.000000
-0.021910
-0.000000
-0.021910
-0.021910
-0.021910
-0.021910
-0.021910
0.021910
-0.073778
-0.036889
-0.021910
-0.027726
-0.032834
0.021910
-0.021910
-0.021910
-0.000000
-0.021910
-0.000000
-0.000000
0.021910
-0.021910
0.021910
0.021910
-0.021910
0.021910
-0.021910
0.087641
0.021910
-0.021910
0.021910
-0.021910
0.021921
-0.018444
-0.092069
0.021910
0.021921
0.021910
0.013863
-0.021910
0.021910
0.021910
-0.021910
-0.021910
-0.021910
-0.021910
-0.021910
-0.021910
0.021910
-0.021910
0.021910
0.036889
0.036889
0.036889
0.021910
-0.065730
0.021910
-0.021910
-0.073778
-0.036889
-0.110666
-0.021910
0.021910
-0.021910
-0.021910
-0.065730
-0.021910
-0.021910
-0.021910
-0.055333
-0.131337
-0.089872
-0.075885
-0.021910
0.021910
-0.021910
-0.036889
-0.043820
-0.055333
-0.021910
-0.021910
-0.021910
-0.021910
0.000000
0.021910
0.043820
0.021910
-0.021910
-0.021910
-0.131461
-0.043820
-0.021910
-0.043820
-0.021910
0.021910
0.109551
0.021910
0.021910
0.089880
0.036889
0.036889
-0.021910
0.021910
0.036542
0.021910
-0.054620
-0.021910
-0.000000
-0.043820
0.021910
0.021910
-0.059915
-0.059920
-0.032834
-0.029958
-0.021910
0.000000
-0.065730
-0.043820
0.021910
0.021910
0.021910
-0.000000
0.021910
0.036889
0.021910
0.055333
0.021910
-0.065730
0.021910
0.021947
-0.021910
-0.021910
0.036889
0.021910
0.021910
0.021910
-0.021910
-0.059963
0.000009
-0.021910
-0.021910
-0.021910
0.021910
0.021910
0.036889
-0.021910
0.021910
-0.000000
0.021910
-0.043820
-0.069087
-0.021910
-0.021910
-0.021910
0.021910
-0.021910
-0.027726
-0.021910
-0.021910
0.021910
-0.021910
-0.041597
0.016417
-0.021910
-0.021923
0.021910
-0.021910
-0.021910
0.021910
0.021910
0.021910
0.036982
0.022021
0.021910
0.036889
0.059990
0.022021
0.022021
0.036889
0.021910
0.021910
-0.021910
0.021910
-0.021910
-0.021910
-0.021910
0.021910
0.021910
0.021910
0.000000
-0.021910
0.021910
0.021910
-0.021910
-0.021910
-0.021910
0.021910
-0.021910
-0.021910
0.021910
-0.016417
-0.021910
0.065668
-0.021910
-0.065730
-0.036889
-0.021910
-0.043820
-0.043820
-0.021910
-0.043820
0.021910
-0.021910
0.021910
0.041612
-0.055333
-0.021910
-0.021910
-0.016569
0.043820
-0.021910
-0.055452
-0.021910
-0.036889
0.027749
-0.021910
0.021910
0.021910
-0.043820
-0.021910
-0.021910
0.036889
0.016416
-0.021910
-0.021910
0.021910
0.021910
-0.021910
-0.021910
0.029957
-0.025903
-0.021910
-0.043820
-0.021910
0.021910
-0.000000
-0.021910
-0.021910
-0.021910
-0.021910
0.036889
-0.021910
0.021910
-0.021910
0.021910
-0.027726
-0.021910
-0.021910
-0.022113
-0.021910
-0.021910
0.021910
0.021910
0.021910
-0.021910
0.021910
0.013923
0.021910
0.036889
0.021910
0.021910
0.016417
0.021910
-0.036521
-0.021910
0.021910
0.021910
-0.021910
0.021910
-0.000000
-0.041589
0.021910
-0.043820
-0.027726
-0.021910
-0.021910
-0.021910
0.021910
0.043820
0.021910
-0.021910
0.021910
-0.022113
-0.043820
-0.021910
-0.021910
-0.021910
0.014979
0.049251
0.055333
-0.021910
-0.021910
0.021910
-0.021910
-0.092103
0.044936
-0.041589
0.021910
-0.021910
-0.021910
-0.000000
-0.021910
-0.021910
-0.021910
-0.021910
-0.021910
-0.021910
-0.021910
-0.021910
-0.021910
-0.021911
-0.021911
0.000000
0.022021
0.021910
-0.021910
-0.021910
-0.016417
0.021910
0.021910
0.021910
-0.036889
-0.036889
-0.016417
0.018444
0.021921
-0.000000
0.021910
0.055459
0.021910
-0.083185
-0.049260
0.036889
-0.021910
-0.021910
-0.021910
-0.021910
0.021910
-0.021910
-0.063599
-0.000000
-0.021910
-0.000000
0.021910
-0.021910
-0.000000
0.021910
0.021910
-0.021910
-0.036889
-0.021911
0.029957
-0.083171
-0.065730
-0.109551
-0.021910
-0.021910
-0.021922
0.021910
-0.036889
-0.021910
-0.021910
-0.055333
-0.043820
-0.021910
-0.021911
-0.021910
-0.021910
-0.043820
-0.021910
-0.021910
-0.021910
0.021910
-0.021911
-0.021911
0.021910
-0.021910
-0.043820
-0.016417
0.021910
-0.041589
-0.021910
-0.021910
-0.036889
0.036889
0.021910
-0.021910
0.021910
-0.000000
0.021910
0.021910
0.021910
0.000025
0.021910
0.021910
-0.021910
0.036889
-0.021910
-0.021910
0.021910
-0.055333
-0.021910
-0.021910
-0.021910
-0.021910
-0.021910
0.021910
0.021910
0.055333
-0.021910
-0.021910
0.049251
0.021910
0.021910
0.021910
0.021910
0.021910
0.021910
-0.021910
0.021910
0.036889
-0.021910
0.021910
-0.021910
0.021910
-0.021910
0.021910
-0.021922
-0.021922
0.021910
-0.000000
-0.021910
-0.021910
0.021910
-0.021910
-0.073778
-0.021910
-0.021923
0.021910
-0.021910
-0.021910
0.021910
0.000079
0.021910
0.016417
-0.021910
-0.021910
0.021910
0.120402
0.033044
0.021910
0.036889
-0.021911
0.021910
0.021910
0.021910
0.021910
-0.022113
-0.022113
-0.021910
0.021910
-0.021910
0.021910
-0.037927
-0.021910
0.036889
0.036889
0.021910
0.021910
0.021910
0.021910
-0.000000
0.013993
0.036889
0.065668
0.036889
0.036889
-0.021910
-0.021910
-0.021910
-0.021910
-0.021910
-0.049251
-0.021910
-0.073778
-0.021910
-0.103268
0.021910
-0.021910
-0.021910
-0.021910
-0.021910
-0.021910
0.021910
-0.021910
-0.021910
-0.036889
0.021910
-0.021910
-0.043820
-0.021910
-0.021910
-0.021910
-0.021910
-0.021910
-0.021910
-0.021910
-0.021910
-0.036889
-0.021910
-0.021910
-0.021910
-0.021910
-0.021910
0.021910
-0.021910
-0.021910
-0.021910
0.036889
-0.021910
-0.021910
0.013886
-0.021910
-0.021910
0.021910
-0.036889
0.021910
-0.021910
-0.000000
-0.021910
-0.021910
-0.021910
0.021910
-0.043820
-0.021910
-0.036889
-0.021910
0.021910
0.043820
0.021910
-0.021910
0.021910
-0.000000
-0.036889
-0.021911
0.021910
-0.021910
-0.021910
-0.036889
-0.021910
-0.021910
-0.021910
0.059530
-0.021910
-0.021910
-0.021910
0.021910
0.021910
0.018444
-0.021910
-0.043820
-0.021910
-0.021910
-0.043820
-0.021910
-0.021910
-0.055333
0.018444
0.021910
-0.021910
0.016417
-0.016417
-0.016417
-0.021910
0.036889
-0.036889
-0.073778
-0.049251
0.021910
0.021910
-0.055333
-0.021910
-0.021910
0.021910
0.021910
-0.021910
-0.000010
-0.018464
-0.021922
0.043820
0.021910
0.021910
-0.016417
-0.000000
-0.032772
-0.014979
0.029957
-0.016418
-0.012181
-0.021910
0.013863
-0.021910
0.065730
0.021910
0.087641
0.021910
0.021910
-0.021910
-0.000000
0.036889
-0.021910
-0.021910
-0.043820
-0.021910
-0.021910
-0.021910
0.021910
-0.000000
-0.021910
-0.021910
-0.000000
0.000008
0.016445
-0.021910
-0.021910
-0.021910
-0.065668
-0.014979
-0.061945
-0.044936
0.016417
-0.021910
-0.059915
-0.036889
0.012181
-0.016417
-0.021910
-0.021910
-0.030096
-0.021910
-0.000000
-0.043820
-0.021910
0.049251
-0.043820
0.021910
-0.027726
-0.036889
-0.000000
-0.021910
0.036889
-0.021910
-0.021910
-0.021910
-0.021910
0.021910
0.036889
0.051805
0.059915
0.021910
0.036889
-0.055333
-0.043820
-0.021910
0.021910
0.021910
-0.021910
-0.021911
0.022005
-0.021910
-0.021910
-0.021910
0.021910
-0.021910
-0.021910
0.000173
0.021910
0.000000
0.049251
0.021910
-0.021910
0.021910
-0.016346
-0.021910
-0.021910
-0.021910
0.021946
0.043892
0.021910
-0.021910
-0.035418
-0.021910
-0.021910
0.021910
0.021910
-0.021910
-0.021910
-0.021910
-0.021910
0.021910
-0.043820
0.021910
0.021910
0.021910
-0.055452
-0.021910
-0.021910
-0.021910
-0.021917
0.021910
-0.021910
-0.000000
0.021910
-0.000000
0.021910
-0.016417
-0.021910
-0.021910
-0.059920
-0.021910
-0.021910
-0.021910
-0.021910
-0.021910
-0.021910
-0.021910
-0.021910
0.026227
0.021910
0.036889
0.021910
-0.021910
0.021910
0.021910
-0.021910
0.021910
0.050383
0.041589
0.021910
0.021910
0.021910
-0.021910
0.021910
0.000187
-0.021910
0.064757
0.021910
-0.021910
-0.021910
0.043820
-0.021910
0.000187
-0.000000
-0.021910
-0.000000
-0.021910
0.049646
-0.021910
-0.036889
0.021910
-0.000000
0.036889
-0.087641
-0.153371
0.021910
0.021910
-0.055452
-0.049251
-0.021910
-0.021910
-0.021910
0.000000
-0.021910
-0.036889
-0.000000
-0.021910
0.021910
-0.021910
-0.000000
0.065730
0.049260
0.021910
-0.043820
-0.069315
0.025968
0.036889
-0.036889
0.059915
0.021910
0.000083
-0.000000
-0.016334
-0.021910
-0.016417
0.021910
0.049499
0.013863
0.021910
-0.021910
-0.021910
0.021910
-0.016417
-0.021910
-0.055333
0.022005
-0.021910
-0.021910
-0.021910
-0.021910
-0.021910
-0.021910
0.036889
-0.021910
0.021910
-0.021910
-0.021910
0.036889
0.021910
0.021910
0.043820
-0.021910
-0.036889
0.021910
0.021910
-0.016417
-0.043847
-0.021910
-0.021910
0.021946
-0.049251
-0.021910
-0.000000
0.000025
-0.021910
-0.021910
0.021910
-0.021910
-0.021910
-0.000007
-0.021910
0.021910
-0.021910
-0.021910
-0.021910
-0.000000
-0.000000
0.036889
0.049251
-0.021910
-0.021910
-0.021910
-0.021910
-0.021910
-0.036889
-0.069443
-0.030096
-0.021910
-0.021910
-0.008047
0.021910
0.022272
0.025188
-0.021911
-0.021910
-0.021910
-0.021910
-0.021910
-0.021910
-0.021910
0.065730
-0.021910
-0.021910
0.021910
0.036889
-0.018444
0.037076
0.036898
-0.055333
0.021910
0.021910
-0.043820
0.021910
0.021910
0.021910
0.036889
0.022132
-0.021910
0.021910
0.021910
0.021910
0.036889
0.021910
0.021910
0.021910
0.065730
0.018444
0.021910
-0.021910
-0.028820
-0.021910
-0.021910
-0.018444
0.021910
0.021910
0.021910
0.021910
0.021910
-0.021910
-0.021910
-0.021910
-0.021910
-0.021910
-0.021910
-0.087641
-0.021910
-0.000001
0.021910
-0.021910
0.021910
0.036920
-0.021910
-0.043820
-0.000000
-0.021910
-0.021910
0.021910
0.021910
-0.043820
-0.036889
0.021910
-0.024545
-0.021910
-0.021910
-0.021910
-0.000000
-0.021910
-0.021910
-0.021910
0.036889
0.021910
-0.021910
-0.021910
-0.021910
-0.000000
0.021910
-0.000010
-0.021911
-0.021910
-0.021910
0.021910
0.021910
-0.021910
-0.021910
-0.021910
-0.181319
-0.036889
-0.000000
-0.065730
-0.000000
-0.036889
-0.021910
-0.021910
-0.021910
-0.021910
-0.021910
-0.064757
-0.055333
-0.000000
-0.016390
-0.021910
-0.021910
-0.021910
-0.021910
-0.000000
0.016417
0.021910
-0.021910
0.021910
0.021910
0.021910
0.021910
0.021910
0.016417
0.073778
-0.021910
0.021947
-0.021910
0.021910
0.021910
0.000000
-0.021910
-0.021910
-0.000000
0.021910
-0.021910
0.021910
-0.021910
-0.021910
-0.018444
-0.000000
0.021910
-0.021910
0.021910
-0.074895
0.091086
-0.036889
-0.036889
-0.036890
0.021910
-0.036890
0.036889
-0.021910
-0.021910
-0.021910
-0.021910
0.021910
-0.021910
0.021910
-0.021910
-0.016417
-0.021910
0.021910
0.021910
-0.021910
0.021910
-0.000000
0.021910
0.021910
0.000000
0.021910
0.021910
-0.021910
-0.000000
-0.018445
0.021910
0.021910
-0.021910
0.021910
0.021910
-0.021910
-0.021910
-0.000000
-0.021910
-0.021910
-0.021910
0.043820
0.036889
0.021910
-0.021910
0.065668
0.036889
0.021910
-0.021910
-0.021910
-0.021910
-0.021910
-0.021910
0.022116
0.016571
-0.021910
-0.049113
-0.021910
-0.029821
-0.021910
-0.021910
-0.021910
-0.087641
-0.021910
-0.043820
0.021910
-0.000000
0.021910
0.021910
0.016408
0.000000
0.021910
-0.021910
0.021910
0.021910
-0.043820
-0.021910
0.041589
-0.021910
-0.021910
-0.036889
-0.021910
-0.021910
-0.043820
-0.021910
0.021910
0.021910
0.060903
-0.021910
0.021910
0.021910
-0.000000
0.021910
-0.021910
-0.021910
0.021910
0.021910
-0.021910
-0.021910
0.021910
-0.021910
0.021910
-0.021922
0.021910
0.030098
0.043820
0.021910
-0.021910
0.021910
0.021910
-0.021910
-0.041589
-0.048722
0.021910
0.036889
0.021910
0.021946
-0.021910
-0.021911
0.082356
-0.000000
0.021910
0.021910
0.036889
0.021910
0.021910
-0.021910
0.021910
0.021910
0.021910
0.022272
0.049251
0.036889
0.021910
0.021910
-0.021910
-0.018444
0.021910
0.021910
0.036889
0.021910
0.021910
-0.021910
0.021910
0.021910
-0.044936
-0.021910
-0.036889
0.021910
-0.021910
0.016417
0.021910
-0.021910
-0.021910
-0.021910
0.043820
-0.021910
-0.021911
0.036889
-0.021911
-0.021911
-0.073778
-0.073780
0.021910
-0.021910
-0.036890
0.043820
-0.021910
-0.021911
-0.014979
-0.021910
-0.021910
-0.021910
-0.021910
0.021910
0.016816
-0.021910
-0.021910
-0.021910
0.021910
-0.021910
-0.021910
-0.021910
-0.021910
-0.000000
-0.016146
0.000347
0.044232
-0.000000
-0.021910
0.044232
-0.021910
0.021910
0.021910
-0.065730
-0.021910
-0.021911
0.021910
0.036889
-0.021910
-0.021910
-0.021911
-0.036889
-0.000000
0.083178
0.092222
0.025114
0.000000
0.021910
-0.021910
0.016417
-0.021910
-0.021910
-0.055334
0.012951
-0.000001
-0.000001
-0.021910
0.021910
0.021910
0.000000
0.018444
0.021910
-0.021910
0.021910
0.021910
0.021910
0.036889
0.029965
-0.021910
0.043820
-0.175281
-0.131461
-0.021910
-0.010397
-0.074893
0.000000
0.021910
0.021910
-0.057565
-0.043820
-0.036889
0.021910
-0.029957
-0.036889
0.022272
-0.055333
-0.036889
-0.021910
0.022272
-0.055333
0.021910
-0.021910
-0.021910
-0.021910
0.000000
0.021910
-0.021910
-0.021910
-0.021910
0.021910
0.021910
-0.037942
0.021910
0.021910
-0.021911
0.000000
0.014986
0.021910
-0.021910
-0.021910
-0.021910
-0.000000
-0.098502
-0.037059
-0.021910
-0.000000
-0.021910
0.021910
-0.000000
-0.021910
-0.021910
-0.021910
-0.016417
-0.202888
-0.021910
-0.055333
-0.110666
-0.065730
-0.021910
-0.021910
-0.021922
0.021910
-0.021910
0.065730
-0.021910
-0.043820
-0.021910
-0.021910
-0.036889
-0.021910
0.021910
-0.102865
0.021910
0.000000
-0.043820
-0.041589
0.021910
0.021910
-0.016740
-0.021910
-0.021910
-0.021910
-0.021910
0.043820
-0.021910
-0.021910
-0.021910
-0.021910
-0.043820
-0.021910
0.014092
-0.000000
-0.000000
-0.055333
-0.021910
-0.021910
-0.021910
0.021910
-0.021910
0.059915
-0.021910
0.051805
0.036889
0.021910
0.021910
0.021910
0.021910
-0.014995
-0.024361
-0.021911
-0.021910
-0.021910
0.022132
0.000187
0.022132
-0.021910
-0.021910
-0.055333
-0.041589
0.021910
-0.024545
0.021910
0.021910
0.021910
-0.021911
-0.021911
0.021910
-0.055333
0.021910
-0.021911
-0.036889
0.000000
-0.016418
-0.000171
-0.018444
0.021910
0.021910
0.021910
0.021910
-0.000000
0.043820
-0.000000
-0.021980
0.021910
-0.021910
-0.021910
-0.021910
-0.021910
-0.021910
-0.021910
-0.021910
-0.021910
-0.021910
-0.021910
-0.021910
-0.021910
-0.051925
0.055333
-0.021910
-0.085264
-0.021910
0.021910
-0.036889
-0.065730
0.051805
0.036889
0.016417
0.021910
-0.000000
0.021910
-0.021910
-0.000000
-0.043820
-0.043820
0.021910
-0.021910
-0.021910
-0.021910
0.021910
0.021910
0.059915
0.022021
0.000271
-0.029957
-0.013863
-0.032569
0.021910
-0.016417
-0.065730
0.027726
0.036889
-0.018444
-0.021910
-0.044936
0.018444
0.021910
0.021910
-0.036889
-0.021910
-0.036889
-0.021910
-0.021910
0.021910
-0.021910
-0.043820
0.036889
0.021910
-0.021910
0.036898
0.021910
-0.021910
-0.021910
-0.131461
-0.021910
-0.021910
-0.021910
0.021910
-0.021910
-0.021910
0.077708
-0.016426
0.036920
0.021910
-0.087641
-0.021910
-0.043820
-0.021910
0.031534
0.021910
-0.043820
-0.043820
-0.021910
0.021910
-0.021910
-0.021910
0.043820
0.021910
-0.021910
0.021910
0.021910
0.021910
0.021910
0.021910
-0.021910
-0.021910
-0.021910
0.021910
0.021910
0.043820
-0.021910
-0.021910
0.055363
0.021910
0.021910
0.021910
0.021910
0.021910
-0.021910
0.021910
-0.021910
-0.021910
0.021921
-0.021923
-0.021910
0.021910
0.022021
0.022021
-0.021911
-0.021910
-0.021910
0.021910
-0.021910
-0.021910
-0.043820
0.043820
0.021910
-0.021910
-0.021910
0.021947
0.043894
-0.021910
-0.146647
0.016417
0.022116
0.044232
-0.021910
-0.021910
-0.018444
0.021910
-0.039107
-0.024545
-0.021910
-0.021910
0.021910
0.036889
0.021910
0.021910
-0.021910
-0.021910
-0.021910
-0.021910
-0.043820
0.021910
0.021910
-0.036889
-0.021910
0.041589
0.080609
0.014003
-0.055333
-0.021910
-0.021910
-0.016414
0.021910
0.021910
0.000000
0.021910
-0.036889
0.041589
-0.013863
-0.016417
-0.021910
-0.021910
-0.021910
0.021910
0.021910
0.021910
0.021910
0.055333
0.021910
-0.021910
0.029957
-0.021910
0.021910
0.021910
0.021910
0.043820
0.043820
-0.059915
0.031096
-0.131467
-0.036890
-0.016417
-0.021910
-0.021910
-0.021910
-0.016417
0.041589
0.043820
0.036889
0.051805
0.021910
-0.021910
-0.092222
-0.055333
-0.021910
-0.021910
-0.021910
-0.021922
