-0.026327
-0.081066
0.017068
0.017068
-0.018215
-0.008221
-0.018498
0.020904
-0.004809
-0.021891
-0.017896
-0.007297
-0.016355
-0.017614
-0.021275
-0.018821
-0.008221
-0.017596
0.103318
0.052172
0.056712
0.018904
0.057937
0.056676
0.047795
0.037808
0.117910
-0.018236
0.038570
-0.018382
0.048870
0.019603
0.024969
-0.020060
0.051204
-0.015766
-0.016443
0.017228
-0.020060
-0.019840
-0.018636
-0.016443
-0.008221
-0.008221
-0.019840
-0.011122
0.054167
0.040498
0.000047
0.037872
-0.034608
-0.017774
0.018282
0.037059
-0.021298
-0.016951
-0.019098
-0.000933
-0.018498
0.000032
0.028405
-0.015766
-0.019750
-0.018636
0.019003
-0.008221
-0.008221
0.078322
0.017009
0.029078
-0.018558
-0.019750
-0.019750
-0.018558
0.018253
-0.020060
-0.074822
0.019243
-0.016355
-0.038798
-0.035819
0.019198
-0.013301
0.015254
0.017098
0.018588
-0.002796
-0.018945
-0.002692
0.013395
-0.018382
-0.017614
0.000791
-0.036839
0.016379
0.068444
-0.016650
0.076887
0.007335
-10000000.000000
0.069579
0.100934
-0.001787
0.043522
0.018936
0.077604
0.046180
0.065863
0.019547
0.039094
0.019547
0.019547
0.019547
0.044234
-0.020963
-0.020963
0.055006
-0.021791
-0.008221
-0.017596
-0.016355
0.040785
-0.019965
0.019003
0.033217
-0.018636
-0.018558
-0.018558
0.017098
0.019310
-0.016951
-0.016951
0.057842
-0.016355
-0.016355
-0.013301
-0.018945
-0.020525
-0.019098
-0.019098
0.018257
0.055276
-0.018821
-0.020060
0.033228
0.036223
0.018257
0.019603
0.032609
0.016614
0.018112
0.018257
0.017802
0.017802
0.070692
0.053807
0.034017
0.018112
0.016466
0.028179
0.028819
0.032931
0.043622
0.016466
0.016466
-0.017809
0.017802
-0.015766
-0.031533
-0.018636
0.039660
0.016259
-0.018498
-0.023265
-0.018498
0.002524
0.016986
0.019243
-0.018576
-0.021007
-0.015766
-0.019416
0.015254
-0.013301
0.016077
0.035979
0.017802
0.017068
-0.019774
-0.019774
-0.040439
-0.016355
-0.018498
-0.020525
-0.019098
0.036513
0.036513
0.007061
-0.001147
0.036513
-0.019006
0.041566
0.033217
0.018257
0.018257
-0.003181
0.016609
-0.013301
-0.035191
-0.008221
-0.019965
-0.008221
-0.017614
0.017228
-0.018382
0.018282
0.014879
0.016605
0.033972
-0.017614
0.017228
0.017228
0.018282
0.043113
0.016466
0.020904
-0.012926
-0.018236
0.037811
-0.007297
-0.018945
-0.012926
-0.018945
0.015254
0.017802
-0.008221
-0.018558
-0.016443
0.070072
0.017769
0.017802
0.019728
-0.075284
0.033210
-0.018498
0.054355
-0.078762
-0.019691
0.044596
0.019547
0.019547
0.019547
0.016986
-0.020387
-0.016355
0.016259
0.055008
0.088370
0.017330
-0.017809
0.050174
-0.016443
-0.017614
0.018282
-0.017614
0.015254
0.016614
0.010153
0.038993
-0.019691
0.016986
0.051026
0.035710
-0.019006
-0.019006
-0.032646
-0.019523
-0.018558
-0.042681
0.017009
-0.126601
-0.054258
-0.036995
0.034195
0.020582
0.016605
0.018489
-0.014513
-0.017809
0.029228
0.016986
-0.030843
-0.053776
0.019003
-0.007297
-0.017596
0.019003
0.019198
0.017769
0.017769
0.020625
-0.041925
-0.018945
-0.018086
0.016605
0.017330
0.022941
-0.019691
0.000130
0.021229
0.073460
0.034188
0.015254
0.016605
0.017330
0.034456
0.104521
-0.016355
0.018282
0.018282
-0.046515
-0.016951
-0.032886
0.019198
-0.015766
0.009651
0.016609
0.019003
0.018588
-0.008221
0.054767
0.049157
0.026188
-10000000.000000
0.016077
0.018904
-0.016355
-0.017596
-0.019965
0.017009
-0.031112
-0.019006
0.015004
-0.018382
-0.018945
-0.017614
-0.088068
-0.017614
-0.052841
-0.017614
-0.017614
-0.017614
-0.020486
-0.009600
-0.018636
0.020283
0.017330
-0.008221
-0.015118
-0.017564
-0.021791
-0.019006
-0.019006
-0.048767
-0.003044
-0.018382
-0.110632
-0.065578
-0.002131
-0.013301
-0.020060
0.097502
0.036412
0.030649
-0.016355
0.016609
0.016609
0.016609
-0.019840
-0.005979
0.017009
0.029518
-0.018236
-0.000376
-0.015169
0.004313
0.085106
-0.020525
0.038938
0.042128
0.035770
0.000371
-0.015766
-0.016355
0.018112
-0.002997
0.033228
-0.018236
-0.016355
0.018904
0.016077
-0.018558
-0.018558
-0.016355
0.016609
0.037872
0.045747
0.029078
-0.017614
-0.019098
-0.015766
-0.019965
0.018253
0.016259
0.024327
-0.009712
-0.016355
-0.018636
0.001945
0.002083
-0.018636
0.017769
0.018282
0.018282
0.051684
0.051684
0.017228
-0.018215
-0.016355
-0.048523
0.014684
-0.018498
-0.021791
0.059506
0.034006
-0.019006
-0.013301
-0.016355
-0.021791
0.019547
0.020645
-0.013301
-0.013301
-0.013301
0.015254
-0.019098
-0.020525
-0.079198
-0.016355
-0.025562
-0.081682
0.036412
0.020947
-0.019691
-0.019690
0.036061
0.053954
0.016986
-0.001269
0.016986
0.019728
0.019003
-0.018236
-0.018236
0.046326
0.047152
0.000301
0.018904
0.036541
0.036404
0.000262
0.047232
0.019003
0.022534
0.000399
-0.039376
0.035799
-0.000165
0.013041
0.017098
0.017098
0.019310
-0.018636
0.016605
0.016259
0.063790
0.009057
0.019243
0.033210
0.016605
0.043536
0.083362
0.019675
-0.048892
0.033217
-0.008221
-0.016443
0.033210
0.016605
-0.016355
-0.016355
-0.018821
-0.018558
-0.018958
-0.012926
0.017228
-0.015766
-0.016355
-0.019523
0.015254
0.040166
0.035769
-0.025853
-0.020882
-0.020882
0.052978
0.016986
-0.016355
-0.018576
-0.018236
-0.013301
0.020582
-0.019774
-0.018236
0.016609
-0.019098
-0.003413
0.034474
0.033529
-0.031423
0.053515
0.059303
0.017068
0.029078
0.018282
0.018282
0.017068
-0.018558
-0.016951
-0.031538
-0.016698
-0.031604
-0.002662
-0.019415
-0.024255
-0.020060
-0.031318
-0.019840
0.030852
-0.018498
-0.057030
-0.013301
-0.019750
-0.018382
0.018112
0.018394
-0.018382
-0.017614
0.017228
0.018904
0.016614
0.019547
-0.018576
-0.020060
-0.018167
0.016614
-0.015766
-0.024120
-0.016355
-0.019098
0.018588
-0.008221
0.018904
-0.013301
-0.018873
0.029347
-0.000348
0.016609
0.016301
0.056909
0.016259
-0.021617
-0.018236
-0.017809
-0.019691
0.055619
0.017009
-0.016355
-0.062242
0.049950
0.059930
0.019003
-0.014952
0.019003
-0.018382
-0.036765
0.014202
-0.019840
-0.015766
0.019728
-0.008221
-0.008221
-0.018215
-0.002861
0.019728
-0.020060
-0.018558
-0.018558
-0.019690
-0.019690
-0.039449
-0.032213
-0.019840
-0.045066
-0.000365
0.001549
-0.016951
-0.013301
-0.008221
-0.035227
0.000158
-0.008221
-0.008221
-0.025185
-0.015766
0.020582
-0.019750
-0.019691
-0.019750
-0.017614
0.033217
0.019728
-0.033151
-0.019691
-0.019691
-0.059766
-0.001255
0.000608
-0.048129
-0.016355
0.019728
-0.012926
0.018904
-0.050958
-0.051139
-0.019006
0.016466
-0.028498
-0.000659
-0.033180
-0.013301
-0.016951
0.017802
0.017802
-0.008433
0.067884
-0.013301
0.017098
0.018253
0.016466
0.016466
-0.020486
-0.020882
0.038786
0.017009
0.018904
0.005410
0.019603
-0.013301
0.017769
-0.057233
0.017769
-0.018236
-0.018558
-0.008221
-0.000886
0.024072
0.019547
0.019675
-0.008221
0.017330
0.016614
0.039350
0.056642
-0.018382
0.016077
-0.018382
0.016259
-0.018382
-0.018558
-0.017614
0.020645
0.034456
-0.016355
-0.000977
-0.020060
-0.016355
0.020206
-0.008221
-0.026024
-0.020882
0.056164
0.077436
0.074683
0.045292
-0.017809
-0.017614
-0.033902
-0.076601
0.039070
-0.013379
-0.065846
-0.019690
-0.018636
-0.013301
-0.018558
-0.018558
0.037353
-0.041763
-0.013301
-0.018636
-0.044063
-0.190730
-0.020747
0.073065
-0.036430
0.017228
0.051684
0.017228
0.017228
0.002223
0.012632
0.002499
-0.034814
-0.061798
0.016077
-0.049884
0.036762
-0.018945
-0.018945
-0.003447
-0.019691
-0.003218
-0.018382
-0.020486
-0.012926
-0.000512
0.018253
-0.020060
-0.018558
-0.017596
-0.018558
0.013744
0.024924
-0.036430
-0.059053
0.016077
-0.018498
-0.008221
0.016609
-0.018215
0.016986
-0.017596
-0.032131
-0.036430
-0.018215
0.016986
0.024729
-0.018215
-0.037891
-0.020963
-0.022928
0.018282
0.028485
-0.016951
-0.016951
-0.004344
0.002118
-0.017614
-0.019750
-0.036995
0.000666
-0.016951
-0.019523
-0.020192
-0.035617
0.007397
0.003229
-0.019965
0.010069
-0.019213
0.028780
-0.040385
0.011073
-0.019006
-10000000.000000
0.016077
0.016077
-0.019691
0.020283
-0.001489
0.062455
0.099095
0.019310
0.084306
-0.020525
0.018588
0.020642
0.032683
-0.015766
-0.017596
-0.019690
0.030461
-0.000018
0.007472
-0.016355
0.018257
0.018588
-0.044246
-0.018382
-0.018576
-0.018576
0.017802
0.055844
0.016605
-0.046799
-0.008221
0.059183
-0.016355
0.002096
0.035128
0.016466
0.016077
-0.019006
0.018904
0.009780
-0.018639
0.060910
-0.018636
-0.018821
-0.002310
-0.017614
0.034521
-0.087469
0.018904
-0.016355
-0.020525
-0.002979
0.019547
-0.020303
-0.000465
-0.022558
-0.017809
-0.017614
0.017330
0.016077
-0.019840
-0.060605
0.016259
-0.024664
-0.018636
0.056706
0.017340
-0.018382
0.055993
-0.013301
-0.008221
-0.017696
-0.009761
-0.037078
-0.016355
-0.015766
-0.019750
-0.015766
0.018112
0.016605
-0.017774
0.019243
-0.018945
0.017228
0.017068
-0.016705
-0.019006
0.073094
-0.032383
-0.018945
-0.022418
-0.050848
-0.019416
-0.082481
-0.036407
0.017009
-0.016387
-0.012926
-0.000494
-0.035352
-0.019840
0.017068
-0.033353
-0.018945
0.020645
0.001431
0.020645
0.020645
0.020645
-0.031571
0.043427
0.099287
0.018257
0.015254
-0.018498
-0.000193
-0.058353
-0.029816
-0.024890
-0.020747
-0.030347
0.076153
-0.008221
0.036753
-0.028334
-0.012926
0.004289
0.033534
-0.020756
-0.036427
-0.018945
-0.067228
-0.048515
0.006131
-0.019098
-0.015766
0.016605
0.033210
0.016605
-0.014130
-0.023481
-0.001458
0.051262
0.025149
-0.039214
0.016609
-0.040015
0.032931
0.030787
0.019243
-0.007297
0.018253
-0.039911
-0.045155
-0.002861
0.023970
0.010980
-0.007297
0.046729
-0.019690
0.003121
-0.043544
0.037301
0.013723
-0.018576
-0.020192
0.017068
-0.016355
-0.019750
0.013933
0.017009
0.033201
0.016605
0.028350
-0.015766
0.045238
-0.043581
0.036002
-0.009486
-0.013301
0.020947
-0.019965
-0.008221
-0.018086
0.020206
-0.020882
-0.018636
-0.020060
-0.008221
-0.047001
-0.038900
-0.015766
-0.016355
0.015610
0.056180
0.000533
-0.017596
-0.019965
-0.020060
-0.019690
-0.008221
-0.018382
0.034623
-0.035191
0.002898
-0.019965
0.016077
0.050035
0.021392
-0.001043
0.038314
0.042308
-0.018382
0.015968
-0.015766
-0.001391
-0.028216
0.020450
-0.012926
-0.017809
0.017802
0.020625
0.003297
-0.013301
-0.000801
-0.019774
-0.049632
-0.024553
-0.054638
0.033136
0.018282
0.016077
-0.002154
-0.013301
0.014492
0.017769
0.016986
0.016077
-0.016951
0.018904
-0.018118
0.002044
0.018112
0.017068
-0.026602
0.058727
-0.017614
-0.023141
-0.018576
0.025134
0.016077
0.018112
0.005921
-0.018636
-0.057391
-0.019098
-0.008221
-0.019416
-0.025853
-0.020192
0.028686
0.001219
-0.001868
-0.021007
0.015692
-0.019840
-0.017809
-0.021791
-0.016951
0.017009
0.017009
0.016986
0.018112
-0.024605
-0.000300
-0.008221
-0.017596
-0.019922
0.018588
-0.017596
-0.031172
-0.007297
-0.016951
-0.019922
-0.008221
-0.019416
0.019547
0.017678
0.017769
0.036847
-0.000350
0.016609
-0.007085
0.031430
-0.015766
0.002942
0.032251
0.015254
0.016614
-0.019965
0.013622
0.016614
-0.039529
-0.039529
-0.045395
-0.013301
-0.040030
0.000107
-0.008221
-0.001394
-0.012617
0.016077
-0.020525
-0.019750
-0.027772
0.005032
0.017009
0.029698
-0.029415
-0.016387
0.029252
-0.016355
-0.017614
-0.020525
-0.020525
-0.068242
0.019243
-0.077002
-0.018382
0.017098
0.018253
-0.013301
0.016077
0.019675
0.018282
-0.017809
-0.018382
0.018282
0.018282
0.034195
-0.020963
-0.019690
-0.021007
0.018904
-0.020060
-0.017809
-0.017809
-0.003214
0.018282
0.012364
0.002375
-0.015766
0.000751
0.015036
-0.015460
-0.036277
-0.001365
-0.017929
-0.047695
0.006452
-0.130321
-0.029954
-0.030466
-0.030187
-0.054029
-0.018382
-0.089935
0.053888
-0.017614
0.015254
-0.017614
-0.017614
-0.017614
-0.020525
0.093870
0.094109
-10000000.000000
-0.048435
0.019243
-0.000608
0.017330
-0.049906
-0.003121
0.012283
0.056286
-0.038562
-0.004721
0.016077
0.002178
0.016077
0.069809
0.046881
-0.022146
-0.017774
-0.019098
-0.018945
0.016609
0.016609
-0.016355
-0.019690
-0.038831
-0.038831
-0.039548
-0.016355
0.001205
0.090011
-0.020387
-0.038962
-0.003279
-0.020963
-0.008221
-0.017395
-0.012926
-0.016951
0.114134
-0.016355
-0.018236
-0.019750
-0.012926
-0.019006
-0.019006
-0.018558
-0.018821
0.019003
0.072287
0.017330
0.037968
0.043378
0.020625
0.057250
0.018377
-0.000203
-0.040885
0.019728
0.007709
-0.055675
-0.019098
0.001840
0.021910
-0.017614
-0.019690
0.017330
-0.007614
0.019198
0.017330
-0.004351
-0.035352
-0.015766
0.017098
0.016259
0.036835
-0.031021
0.018588
-0.013301
0.041701
-0.016355
-0.012926
-0.015766
-0.020525
-0.016951
-0.020486
0.017068
0.036223
0.018257
0.029276
0.016609
0.017802
-0.017809
-0.017614
-0.016355
0.017769
0.019243
-0.101048
-0.018558
-0.019006
-0.019523
-0.019523
-0.007297
0.006087
-0.018558
-0.036407
-0.015766
0.016466
-0.018636
-0.018236
-0.019840
0.016986
0.029285
0.016986
0.016986
-0.012926
0.017009
-0.013301
0.018588
0.003737
-0.016355
-0.007297
-0.017809
0.020645
0.041290
-0.015766
-0.020963
0.017802
0.001471
-0.018636
-0.017809
-0.001678
-0.040467
0.039878
0.019603
0.019603
-0.016355
0.032931
-0.013301
0.016605
-0.018236
-0.095488
-0.019098
-0.019098
-0.019098
-0.018382
-0.013301
0.016605
0.016605
0.016605
0.019547
0.016259
-0.019006
-0.105142
0.035478
0.018588
0.017228
-0.064471
-0.000403
-0.019691
0.017228
0.034456
-0.014643
-0.029634
0.031225
0.018112
0.000201
0.054110
-0.022609
0.043243
0.054433
0.016609
-0.023749
-0.022526
-0.051943
-0.045213
0.010157
-0.012926
-0.018558
-0.002775
-0.001134
-0.017809
-0.038685
-0.012926
-0.025853
-0.008221
0.019547
-0.059827
-0.018236
-0.018945
-0.038011
-0.017809
-0.018558
0.047308
-0.019690
-0.039165
-0.027425
-0.008221
-0.016443
0.002259
0.015254
0.015254
-0.013301
0.020947
0.070778
0.035799
0.018112
-0.019006
0.018112
-0.031533
-0.031533
-0.015766
-0.012926
0.016609
0.018588
0.074351
-0.020060
-0.020060
-0.019006
-0.019098
-0.007297
0.016259
-0.080955
-0.038164
-0.037666
-0.016355
-0.019750
-0.018236
-0.074602
-0.045893
0.037420
0.021002
-0.016951
-0.024664
-0.008221
-0.003471
-0.009329
0.016609
-0.016951
-0.012926
0.016077
-0.019098
0.020283
-0.018558
-0.037117
0.017228
-0.013301
-0.016355
0.028497
0.018257
0.020947
0.018253
-0.019691
-0.019691
-0.013301
-0.005200
0.017098
-0.016355
-0.020525
0.019198
-0.036172
-0.017614
-0.020060
0.017623
-0.046226
0.018203
-0.001107
-0.018215
-0.017596
0.011087
0.018257
0.016609
-0.020525
-0.032710
-0.016355
-0.016355
-0.016355
0.037175
-0.018382
0.037010
-0.011328
0.032931
-0.016951
-0.008221
-0.025185
-0.036430
0.037201
-0.026952
-0.020525
0.017068
0.017068
0.017068
-0.019774
-0.016355
0.016614
0.018282
0.019243
0.008305
-0.008221
-0.018215
0.033972
0.016986
0.016986
-0.019098
0.020206
0.031119
0.017009
0.017769
0.017769
-0.001706
0.028937
0.015335
-0.020060
-0.019840
-0.018576
0.019728
0.095394
0.003102
-0.020525
0.031564
-0.019840
-0.018278
0.019728
0.019728
0.019603
0.016259
0.016259
0.016406
-0.001107
-0.018382
-0.017809
0.052936
0.028191
0.017769
0.029257
0.016986
-0.038406
-0.029954
-0.019965
-0.019965
-0.019965
0.019603
0.018282
-0.016355
-0.020060
-0.019691
0.062778
0.036564
0.018282
0.019728
0.019728
0.018904
0.015863
0.054045
0.037581
0.034108
0.020283
0.090489
-0.059894
-0.059894
0.061302
0.017098
-0.020844
-0.014559
0.017098
0.030344
0.035929
0.014047
-0.018382
-0.018236
0.021681
0.011886
0.032796
-0.018215
0.019198
-0.019750
-0.035372
-0.015766
-0.033251
-0.016355
-0.018558
-0.085204
-0.018558
-0.000571
0.028159
0.017009
0.039383
0.006853
-0.018382
-0.001451
-0.018558
-0.017774
-0.017774
-0.017596
0.000256
-0.013102
-0.034597
-0.075836
0.001970
-0.029266
0.044898
-0.007297
0.017098
0.018257
-0.014594
0.016077
0.016077
-0.016355
-0.019840
-0.016355
0.002638
-0.020387
0.019310
-0.013301
-0.035227
0.039180
0.016986
0.020645
0.039960
0.020645
0.074683
-0.002207
-0.000206
-0.018236
-0.018236
-0.019690
0.062492
0.039070
-0.019523
-0.020060
-0.015766
-0.019416
0.006495
0.028037
-0.021134
-0.038011
0.026390
-0.025853
-0.024203
-0.051540
-0.020177
-0.016355
-0.034174
-0.015766
0.018904
-0.082672
-0.019690
-0.018236
-0.017614
-0.016951
0.016614
0.066456
-0.023920
-0.017809
-0.003203
0.052215
0.036458
0.020650
-0.027196
0.017228
0.038601
-0.029810
0.017098
0.030777
-0.019416
-0.014859
-0.014219
0.017068
-0.001841
-0.008221
-0.038831
0.047389
-0.002257
0.018282
-0.023114
-0.022493
-0.106742
-0.020486
-0.049206
-0.038083
0.003208
-0.018236
-0.017614
-0.019965
0.017802
-0.006995
0.009771
-0.035964
-0.016249
-0.042634
-0.020963
-0.018636
0.002356
0.017769
-0.018215
-0.019840
0.029350
0.036513
-0.035472
-0.001606
-0.029642
-0.017774
-0.017774
0.018588
-0.057709
-0.017809
-0.018498
-0.018215
0.040068
-0.030654
-0.018558
-0.016355
-0.008221
-0.036430
-0.018215
0.016259
0.018282
0.037561
-0.000857
-0.019006
-0.049355
0.017068
0.019603
0.002146
0.019603
0.019603
0.019603
-0.019840
-0.016355
-0.018215
-0.017614
-0.017614
-0.019416
-0.020060
-0.019523
-0.017614
-0.017614
-0.017614
-0.013301
0.079966
0.032440
0.026452
0.049842
0.059478
0.029748
0.041323
0.015254
0.041323
0.036513
0.017769
0.053306
0.018257
-0.019098
-0.019098
0.038395
-0.018086
0.017228
-0.035227
-0.052841
-0.018945
-0.037891
0.020283
0.018904
0.016614
-0.018382
0.020904
-0.016355
0.015254
-0.036430
-0.008221
0.017802
0.016259
-0.012926
-0.018215
-0.018215
-0.037393
-0.017596
-0.003784
0.015254
0.026529
0.083362
0.019675
-0.020525
0.071075
0.017769
0.020625
-0.012926
-0.015766
-0.018636
-0.061522
-0.070383
-0.017596
0.001996
0.017068
-0.018382
-0.029242
0.016609
-0.019965
0.016077
0.049826
0.016609
0.016609
-0.018558
-0.019098
-0.016355
-0.018576
0.020904
-0.019098
-0.039245
-0.051875
-0.016355
-0.017774
-0.013301
0.032931
-0.019006
0.018904
0.018904
0.010729
0.000439
0.047206
-0.019006
0.036918
-0.129119
-0.086748
-0.012592
-0.030290
-0.062329
-0.076623
-0.031576
-0.037880
-0.071793
-0.081532
-0.024656
-0.017809
-0.026189
-0.020963
0.019003
0.018904
0.018904
0.037897
0.018904
0.018904
0.018904
0.015254
0.041808
0.076285
-0.013301
0.017098
0.015254
-0.033902
-0.002473
-0.026384
0.033210
-0.017809
0.016614
0.027965
0.000538
-0.027350
0.059708
0.017330
-0.039100
-0.002714
0.016986
0.026307
-0.030629
-0.018215
-0.018576
0.016609
-0.012919
0.016299
0.013645
0.011825
0.018257
-0.012926
-0.078330
-0.050730
-0.031909
-0.034154
-0.018945
-0.018945
-0.117536
0.023847
0.016259
0.035979
-0.054616
0.057295
-0.017809
0.016605
-0.016355
-0.017614
0.018112
0.018112
0.037125
-0.001474
0.018112
-0.056299
0.017098
0.017098
-0.018498
-0.003228
0.018733
0.015099
0.035988
0.058147
-0.026298
0.056309
-0.017774
-0.086512
-0.075175
-0.016951
0.010996
-0.024130
-0.031736
-0.030551
-0.020963
-0.019922
0.018112
0.018112
-0.016355
-0.067142
-0.021791
-0.017774
-0.020525
0.015345
-0.017809
0.015254
-0.017809
-0.035617
-0.017809
0.081356
0.016077
0.016077
-10000000.000000
0.016077
0.032154
0.032154
-0.013301
0.019603
0.019603
0.017228
0.017098
-0.018215
0.016986
0.005358
-0.045191
-0.051706
0.018112
-0.017596
-0.012926
-0.012926
-0.012926
-0.056798
-0.016951
-0.024664
0.015254
-0.016951
0.032625
-0.020060
-0.020060
-0.031533
-0.019750
-0.008221
-0.020194
-0.039548
-0.017614
-0.015766
-0.020963
-0.007297
-0.007297
-0.013301
-0.026602
0.017068
-0.020387
-0.038405
-0.034178
0.016605
-0.017809
-0.016951
0.032255
-0.019334
-0.018382
0.012086
-0.017799
-0.017614
-0.018382
0.019603
0.018112
-0.016951
-0.020192
0.001728
0.039011
0.046810
0.017589
-0.004220
-0.018498
-0.013301
-0.012926
-0.013301
-0.025853
0.029040
0.020283
-0.013301
0.032443
0.035930
0.031694
-0.017614
-0.016355
0.016986
0.016077
0.051684
0.017228
-0.002562
0.017228
-0.008221
-0.019523
0.016986
-0.019523
0.037771
-0.141989
0.037175
0.018588
0.092801
0.096088
0.019003
0.091556
0.047108
0.017769
0.019003
0.035334
0.050958
0.090107
0.073652
0.051242
0.016986
0.033972
0.019243
0.016466
0.000244
-0.013301
-0.019840
-0.017774
0.019310
-0.019690
-0.017809
-0.007297
0.016605
-0.019965
-0.027541
0.018904
-0.018382
0.019547
-0.017809
-0.008221
-0.018215
0.022256
-0.017614
-0.017774
0.016614
-0.017614
-0.017809
0.018282
-0.035637
-0.044216
0.015915
0.018112
0.032931
0.017769
0.016466
0.018904
-0.018382
-0.018945
-0.012926
-0.019691
0.017068
-0.012198
-0.000061
-0.017596
0.016986
0.020947
-0.029744
-0.030466
-0.018086
-0.018086
-0.007297
0.016077
0.037175
0.018588
-0.017774
-0.032505
0.063397
0.016614
0.016614
-0.032651
0.017228
0.018282
0.017098
-0.008221
-0.021194
0.017228
0.018253
0.020947
-0.008221
-0.017614
0.018253
-0.019523
-0.007585
-0.025709
-0.019774
-0.019774
0.017098
0.018253
0.018253
0.017098
-0.012926
0.080076
-0.012926
-0.018636
0.027677
0.016614
-0.017809
-0.017596
-0.017596
0.001540
-0.003839
0.034945
0.019603
-0.020157
0.047190
0.077525
-0.017298
-0.019006
0.041155
0.001121
0.022978
0.016466
0.033512
0.017228
-0.013301
0.033677
-0.001791
-0.020060
-0.015101
-0.020060
-0.019098
-0.068811
-0.018280
0.019603
-0.019098
-0.039819
-0.019523
-0.020060
0.016259
-0.017809
-10000000.000000
-0.039535
-0.024650
-0.020060
-0.014765
0.016618
-0.035191
-0.067384
-0.020703
-0.012495
-0.023735
-0.008221
0.036412
0.033217
0.055418
0.004912
-0.003140
-0.022532
-0.018945
-0.012365
-0.006485
-0.017774
-0.031849
-0.018558
0.016077
-0.017614
-0.015689
0.018904
0.018904
0.017802
-0.018576
-0.017774
-0.019691
-10000000.000000
0.047470
0.045702
0.058598
-0.000692
-0.037181
0.031526
-0.008221
0.003052
-0.007297
-0.019523
-0.007297
-0.020525
-0.021191
-0.031770
-0.018236
-0.020963
0.017330
0.019243
0.018904
0.018588
0.026020
-0.018576
-0.019690
0.037215
-0.019006
-0.008221
-0.007230
0.003360
-0.021007
0.016442
-0.020525
0.017098
0.017098
0.040415
0.100279
0.039291
0.043891
0.021997
-10000000.000000
-0.018382
0.002083
-0.001469
-0.019416
0.018112
-0.018215
-0.017809
0.016259
-0.018086
0.019547
-0.016355
0.019547
0.017098
-0.016355
-0.013301
0.016259
0.104851
-0.020525
-0.017774
-0.017774
0.019603
-0.025853
-0.033902
-0.019416
-0.034440
-0.018821
0.017098
-0.020562
0.018588
-0.014844
-0.018636
-0.015766
-0.028907
-0.014163
-0.014594
-0.012402
-0.002032
-0.019965
0.016609
-0.008221
-0.020486
0.034659
-0.008221
-0.017596
-0.008221
0.003392
0.090113
0.042680
0.046133
-0.000489
0.093574
0.046713
0.017009
-10000000.000000
0.044797
0.049685
0.038482
0.054345
0.039356
0.087845
-0.012926
0.034026
0.019310
0.015290
0.078982
0.020947
0.045981
-0.007297
-0.007297
-0.008221
-0.008221
0.016609
0.018257
0.018112
-0.017809
0.016614
0.019198
-0.017809
0.017228
0.018282
-0.035549
0.016614
-0.020525
0.020283
-0.007297
-0.007297
0.006699
-0.007297
-0.014594
-0.007297
0.035208
-0.018576
0.017009
-0.020525
-0.008221
0.029354
0.016614
0.017802
-0.035191
0.037138
0.019603
0.018588
-0.059758
-0.062779
0.013992
-0.000827
-0.017614
0.037232
0.003761
-0.026221
0.017802
-0.012926
-0.012926
-0.012926
-0.012926
-0.047299
-0.015766
-0.039903
0.015254
0.018282
0.017068
-0.035549
0.019198
0.017802
0.017802
0.017802
0.006067
0.020283
-0.031671
-0.019006
-0.000079
0.002782
0.018112
-0.018945
-0.018294
-0.016443
0.019547
0.037872
-0.019006
-0.017809
-0.059766
-0.017809
-0.015766
-0.021791
0.007266
0.019603
0.017009
-0.017614
-0.037008
0.019728
0.019728
-0.019690
0.016614
0.017330
0.018282
0.040847
0.018140
0.019310
-0.018945
-0.018945
0.097288
-0.053426
-0.035617
-0.017809
0.021856
-0.017614
-0.017614
-0.016355
-0.015766
0.019003
0.016466
-0.035191
-0.017596
-0.074089
-0.000039
-0.019691
-0.017614
-0.048250
0.029122
0.004169
0.030355
-0.043318
-0.001652
0.040219
-0.019416
0.054810
-0.014029
-0.019416
0.018282
0.074110
0.059551
0.012536
-0.019098
-0.019690
-0.047299
-0.015766
-0.015766
-0.019523
0.016259
0.019603
0.000000
-0.030761
0.016609
0.034456
-0.017809
0.011264
-0.025416
0.015254
-0.001341
0.017098
-0.003001
-0.016355
-0.016355
-0.008221
0.037107
0.017769
-0.021308
0.033956
0.047871
0.017098
-0.012926
0.017330
-0.020525
0.009611
0.016259
-0.008221
0.084328
-0.007297
-0.019691
-0.017809
-0.001374
0.059390
0.015254
-0.018382
0.021562
0.020283
0.016259
-0.018498
-0.075442
-0.017614
0.096668
0.081414
0.030509
0.027221
0.016077
-0.037151
-0.021007
-0.018215
-0.073970
0.018257
0.017009
0.016466
0.028179
-0.028624
-0.015766
0.005768
0.018112
0.002217
-0.019774
-0.048090
-0.018236
-0.018558
-10000000.000000
-0.020882
-0.020882
0.018588
-0.039150
-0.015766
-0.008221
0.043819
-0.036430
-0.035617
-0.017809
-0.017809
-0.017809
0.023122
0.019243
0.017330
-0.001470
-0.017809
0.002066
-0.020525
0.020645
0.037842
0.011852
-0.008221
0.006766
0.017228
0.031564
0.061245
0.020582
-0.017809
0.028482
0.038984
0.039829
0.017228
-0.018558
0.019003
-0.030534
-0.017774
-0.017774
0.019243
0.019728
-0.040119
-0.020060
-0.020060
-0.020060
0.000959
0.017769
0.019603
-0.013301
-0.017809
0.036513
-0.036430
-0.018215
-0.030911
-0.018576
-0.018382
-0.013301
-0.013301
0.010502
-0.017614
0.098656
-0.082698
-0.018382
-0.032710
-0.016355
0.029276
-0.028671
-0.011745
0.016609
-0.014780
-0.000609
0.012235
0.000821
-0.016355
0.018282
0.034247
-0.017614
0.020625
0.020206
0.007572
0.039721
0.017068
0.039809
0.059024
0.036412
0.035920
-0.072344
0.018904
0.017802
-0.008221
-0.019006
-0.038831
-10000000.000000
-10000000.000000
-0.037271
0.088647
0.018257
0.048561
0.045682
0.068391
0.016609
0.018253
0.018253
0.019243
0.015254
0.023703
0.018904
0.016986
0.018904
0.015254
-0.015766
0.016609
0.016259
-0.019750
0.016614
0.049842
0.016614
0.017098
-0.015766
0.099652
0.016609
-0.034260
-0.020122
0.017228
-0.016355
-0.058850
0.036513
-0.015766
-0.018215
-0.003793
-0.017552
-0.017614
-0.040774
-0.008221
0.019310
0.038212
0.037808
-0.007297
0.016077
0.016609
-0.019006
0.016609
0.058494
0.060828
0.033217
-0.018382
-0.017614
0.001501
-0.018945
-0.015766
-0.036515
0.016986
-0.018498
-0.018236
-0.000920
0.015254
-0.018215
0.036804
0.015254
0.020904
-0.017774
-0.047141
0.016365
-0.019690
-0.061032
-0.018636
-0.049563
-0.038135
-0.012926
-0.018576
-0.038779
-0.051706
0.017068
0.018282
-0.050210
0.040987
0.016259
-0.019840
-0.001311
-0.018558
-0.093839
0.020582
0.020582
0.017098
-0.006469
0.032519
-0.028747
-0.008221
-0.018382
-0.015766
0.016609
0.019003
0.020947
-0.020525
0.019243
-0.025853
0.037125
0.016986
-0.019523
-0.075305
-0.062384
0.017068
-0.017614
-0.018236
-0.019416
-0.039165
-0.015766
-0.021749
-0.019006
-0.147748
-0.018498
-0.144396
-0.018945
-0.018236
-0.018236
-0.018236
-0.018236
-0.112093
-0.110985
-0.018498
-0.036995
-0.018498
-0.013301
0.103761
0.095800
0.019310
-0.017809
0.018257
-0.017596
-0.017614
-0.065524
-0.015766
0.019003
-0.010113
-0.014452
-0.049161
0.094894
-0.019796
0.015451
0.030389
-0.067236
-0.012868
0.063459
0.028788
0.051527
0.053662
-0.016355
-0.018576
-0.018576
-0.057316
0.008516
-0.019840
0.015254
-0.031826
-0.018636
-0.016355
-0.072350
-0.019840
-0.048026
0.019243
0.040631
0.017098
-0.016355
-0.017614
-0.019691
-0.002668
-0.055675
-0.063739
0.037175
0.018588
-0.018636
-0.006942
0.016466
-0.047727
-0.076371
-0.008221
-0.016443
0.019170
-0.018636
-0.012926
-0.032886
0.011087
-0.008221
-0.013301
0.018282
-0.037117
-0.016443
-0.018636
-0.018382
-0.018382
-0.019965
-0.037009
-0.018636
0.020625
-0.013301
-0.018498
0.017098
0.016609
0.057728
0.017098
0.017098
-0.008221
0.032127
0.016466
-0.008221
0.028179
-0.007297
-0.043171
0.017228
0.013531
-0.039335
-0.015766
-0.051118
-0.015766
-0.015766
-0.008221
0.037947
-0.020262
-0.015766
-0.018576
0.040055
0.017330
0.017228
-0.020963
0.034456
-0.022401
-0.008221
-0.008221
0.017098
-0.051323
0.017228
-0.018215
0.017330
-0.017809
0.002806
-0.008221
0.015254
0.017228
0.015254
-0.017596
-0.012926
-0.012926
0.020283
0.037431
-0.019006
0.018112
-0.013301
-0.019098
-0.020486
0.016986
-0.019098
0.003699
-0.036865
-0.004305
-0.017809
0.015254
0.016986
0.018904
-0.039930
-0.018382
-0.018382
0.020642
-0.018382
0.000932
-0.019965
-0.016355
-0.037382
0.018112
0.016986
0.018112
0.016605
-0.019006
-0.019006
-0.019006
-0.016355
-0.017809
-0.017809
0.041458
0.016466
0.019003
0.018588
0.017330
-0.018636
-0.007297
0.018112
-0.016951
0.018112
0.018112
0.028214
-0.000247
0.016609
-0.034943
-0.017809
-0.008221
-0.013301
-0.024703
-0.016355
-0.026602
0.017098
-0.059766
-0.017595
0.037473
0.036505
0.020947
0.015727
0.018588
-0.017614
-0.015766
-0.039045
-0.018498
-0.019750
0.081738
0.031577
0.029759
0.017098
0.020283
-0.017614
-0.017614
0.030509
0.015254
0.015254
-0.015766
-0.057606
0.018450
0.021206
0.026517
0.016259
-0.017614
0.008142
0.035966
0.019178
-0.016355
-0.019774
0.017228
-0.012926
0.020904
-0.008221
0.018253
0.019310
-0.018576
0.016986
-0.018236
-0.016355
-0.038422
-0.008221
0.016259
0.018112
-0.016951
0.021392
0.019310
0.015254
0.018282
-0.007297
-0.036894
-0.019750
0.018904
-0.017596
-0.017596
0.018904
0.109571
-0.019965
0.018112
0.018112
0.014669
0.016609
-0.019691
0.095251
0.090408
0.018282
0.038700
0.017098
-0.001601
0.018282
0.016609
0.036513
0.018257
-0.016951
-0.002456
0.019547
0.038855
-0.000347
0.018282
0.019675
-0.018236
0.031781
0.030041
0.018257
0.046525
0.017802
-0.021981
0.033228
0.039591
-10000000.000000
0.056220
0.017330
0.017330
-0.019774
-0.017614
-0.017809
0.019603
-0.040774
0.017098
-0.017596
-0.017596
-0.017614
0.016609
-0.017614
-0.018382
-0.018382
0.012484
-0.075284
0.016605
0.033210
-0.018382
0.016605
0.016605
-0.020525
0.016986
-0.020525
0.039570
0.018588
-0.017614
-0.019523
-0.017809
0.016609
0.016609
0.016609
0.016609
0.000487
0.016609
-0.018945
0.018257
0.020645
0.041290
-0.020875
0.076272
-0.035227
-0.015845
0.091527
-0.038195
0.002310
-0.016355
-0.016355
-0.016355
-0.016355
0.018904
-0.073231
-0.040569
-0.191917
-0.018821
-0.019840
-0.028359
-0.033902
-0.039755
0.020904
0.019547
-10000000.000000
-0.020060
-0.018215
-0.009907
0.047148
-0.001863
0.000457
-0.018382
0.019310
-0.019691
-0.016355
-0.018382
0.017098
-0.015766
-0.032998
-0.007297
-0.030894
0.018282
-0.020387
0.019003
-0.049329
-0.020060
0.087332
-0.006934
-0.020060
-0.020525
0.009256
-0.019690
-0.016355
0.015254
0.001057
0.020642
-0.017614
-0.009371
-0.036430
-0.013301
-0.012926
0.018253
-0.017596
0.019310
0.037171
0.018904
-0.015766
0.017098
-0.017614
-0.012926
-0.017774
-0.021007
-0.063022
-0.039045
-0.019523
-0.018558
-0.016355
0.008809
-0.008221
-0.017614
-0.017614
-0.048871
-0.028461
-0.038900
0.018588
0.019547
-0.110701
0.017769
0.032321
0.020625
0.035537
0.017769
0.053306
0.020904
0.019310
0.018282
0.034136
0.017068
0.017068
0.068271
0.034136
-0.001338
0.016077
0.036091
0.017098
0.019310
0.017098
0.017769
-0.016036
-0.019690
-0.001843
-0.039529
-0.016453
-0.038195
0.018904
-0.018821
0.017098
0.019310
0.001100
0.016605
-0.059960
-0.038195
-0.039637
-0.019098
0.020904
-0.012919
0.015254
-0.019691
-0.047223
-0.016355
0.017098
-0.001967
-0.020747
-0.035191
-0.017596
0.017098
-0.015766
-0.008221
-0.015766
-0.018576
-0.008221
0.037188
-0.016951
-0.015766
-0.070648
-0.019416
-0.009340
0.016972
0.016614
0.015254
0.036958
0.033217
-0.019750
0.018282
-0.019416
0.007321
0.017802
-0.016355
-0.016355
-0.062202
0.000311
-0.037861
-0.015766
0.018588
-0.038953
-0.032710
-0.016355
0.020904
-0.017614
-0.017809
0.015868
0.027516
-0.017809
0.049363
0.016259
-0.003959
0.002785
0.029605
-10000000.000000
-0.016281
0.039386
0.018112
0.018588
0.016609
-0.022844
0.034136
0.017068
-0.015766
0.017769
0.033210
-0.020387
-0.018498
-0.030186
-0.046655
-0.021106
0.016605
-0.003256
0.053970
0.056019
0.017068
0.018282
0.037552
0.046028
0.018282
-0.017596
-0.018215
-0.072860
-0.018086
-0.039500
-0.016355
-0.019006
0.016077
-0.019006
-0.018382
-0.038011
-0.017809
-0.037141
-0.013301
0.020947
0.020947
-0.002510
-0.019416
-0.006777
-0.020060
-0.020060
0.015254
-0.028181
-0.008221
-0.073542
-0.021791
-0.027638
-0.019840
-0.018086
-0.018945
-0.080770
-0.020192
-0.019965
-0.019965
-0.017614
-0.015766
-0.016355
-0.016355
-0.018236
-0.019691
-0.020525
0.018282
-0.018215
-0.018945
-0.007297
0.019603
0.019603
0.019198
-0.012926
-0.018236
-0.018236
-0.017614
-0.000288
-0.016355
-0.047142
0.068476
-0.007297
-0.015766
-0.015766
0.022303
-0.022920
-0.018945
0.010182
-0.023073
-0.027836
0.003527
-0.001574
0.019728
-0.018558
0.020582
-0.043507
0.014139
0.055804
0.019310
-0.018636
-0.018215
0.018282
-0.018498
-0.018498
0.020283
0.015254
0.017769
-0.014311
0.019603
-0.007297
0.017802
-0.014594
0.038314
-0.016355
0.019310
-0.015766
0.020516
-0.016355
0.016986
0.033217
0.083043
-0.019965
-0.079859
-0.019965
-0.018821
0.033217
-0.018498
0.016609
-0.020963
0.020645
0.017228
-0.050120
0.016614
-0.016355
-0.015766
-0.036172
0.020642
0.020642
0.017098
-0.020060
-0.019006
0.053450
-0.008221
-0.028844
0.019675
-0.037891
-0.030394
-0.037653
0.019603
0.017330
-0.016443
-0.008221
-0.017614
-0.036172
-0.018382
0.016986
0.018588
0.030150
0.029629
0.037175
0.021281
-0.016355
-0.019098
-0.087822
-0.018236
0.018282
0.020110
-0.018636
0.020413
0.078555
0.060315
-0.013301
0.018588
0.002229
-0.013301
-0.055675
0.017068
0.019603
0.019603
-0.024801
0.019603
-0.019098
-0.020192
-0.020192
-0.020060
-0.036430
-0.018215
-0.023666
-0.071097
0.019198
0.016986
0.019728
-0.001236
-0.018636
0.059464
-0.023192
-0.017809
-0.031762
0.036968
-0.017809
-0.045089
0.019198
-0.007297
-0.018945
0.091242
-0.017809
0.017330
-0.000403
0.018112
0.037337
0.082968
0.007050
0.053860
0.027445
-0.017340
0.022755
0.042789
0.000233
-0.041306
-0.020192
0.018282
0.015254
-0.020192
0.072571
0.022710
-0.019965
-0.182042
0.034136
0.020645
-0.015766
0.018588
-0.018382
0.037125
0.020645
0.020206
-0.005569
-0.019840
-0.021766
0.017330
0.017098
0.030649
0.012442
0.016077
0.075857
0.054441
-0.154314
0.047149
0.017802
0.016605
-0.035549
-0.054708
-0.017774
-0.017774
-0.017774
-10000000.000000
0.020582
0.061810
0.029759
0.036505
0.018253
-0.019523
-0.026602
-0.013301
0.016259
-10000000.000000
0.108161
-0.028180
-0.067462
-0.032907
-0.129560
-0.007112
0.071398
0.060680
0.001207
-0.021347
-0.058728
0.019728
-0.020963
-0.010828
0.036886
0.016466
0.017330
-0.018636
0.020582
0.001201
-0.003413
-0.020387
-0.013301
0.044152
-0.065951
-0.020747
-0.017809
-0.022497
0.063478
-0.005091
-0.013301
-0.019189
-0.003120
0.016609
0.033217
-0.039903
-0.039903
0.005034
0.054130
-0.093106
0.032887
-0.041747
-0.047112
-0.019006
0.016609
-0.016355
0.016609
-0.016355
-0.016355
0.017098
0.016986
0.015607
0.052794
0.019003
0.018588
-0.004926
-0.015766
-0.048870
0.038062
-0.024501
-0.018558
0.037520
-0.017809
0.005107
0.002601
0.060800
0.017068
0.016077
-0.019416
0.068950
0.016466
-0.016272
0.036412
-0.064764
0.018904
-0.020963
0.016077
-0.013301
-0.008221
-0.036528
-0.017596
-0.026465
0.028681
-0.014410
0.033651
0.016614
0.016614
-0.008221
-0.018382
-0.030168
0.013822
-0.000365
-0.000349
0.032975
-0.013301
0.017098
0.017068
-0.029713
-0.015766
-0.015766
-0.045402
-0.032710
-0.008221
-0.008221
-0.008221
-0.008221
-0.008221
-0.016355
-0.011753
-0.040119
-0.020060
-0.057190
0.001272
-0.022221
-0.011609
0.049921
0.050746
0.016141
0.016466
0.017228
-0.014146
0.029303
0.062248
-0.041375
-0.064039
0.026432
0.030754
-0.039904
-0.047294
-0.046502
-0.037360
-0.017774
0.019728
0.016609
-0.007297
-0.026024
-0.084366
-0.082516
-0.015766
0.019728
-0.036430
-0.018215
-0.058710
-0.019048
-0.018945
-0.018215
-0.030043
-0.045400
0.028828
0.027508
-0.037253
-0.024154
-0.035983
-0.030731
-0.060447
0.052915
0.016259
-0.004355
0.016259
0.062235
0.038908
0.094311
-0.008221
0.015254
-0.008221
0.009581
0.016986
-0.016951
-0.017614
-0.017774
-0.017774
0.017068
-0.055552
-0.017614
-0.017614
-0.031403
-0.037938
-0.017614
-0.035227
-0.013301
0.017228
-0.013301
0.019547
-0.019098
0.000363
-0.045572
-0.089066
-0.068596
-0.039382
-0.054497
0.020755
-0.019690
-0.018945
0.017068
-0.066247
-0.008221
-0.038005
0.017769
-0.020525
0.016609
-0.060610
-0.017614
-0.017614
0.016986
-0.018382
-0.017596
-0.012926
0.033972
0.016986
-0.018215
-0.017596
0.001386
-10000000.000000
0.030509
0.015254
0.027666
0.016605
0.016605
-0.019840
-0.019774
-0.019523
-0.020387
0.001067
0.018343
-0.019098
-0.015766
0.015477
-0.018215
-0.008725
-0.100892
0.016466
0.019198
-0.008221
0.004800
0.016041
0.025836
0.031752
0.018253
-0.065577
0.013094
0.020625
-0.031583
0.016609
-0.073251
0.039163
0.036513
0.018257
-0.008221
0.037175
0.018588
0.018588
0.054538
0.044866
-0.016355
-0.033391
0.034393
-0.038099
0.049826
0.018904
0.017228
-0.017809
0.020283
-0.008221
-0.017596
-0.008221
-0.013301
-0.017809
0.011124
-0.019840
0.063085
-0.008221
-0.018086
0.028492
-0.020963
-0.013301
0.033228
0.076560
-0.013301
-0.012926
0.017068
-0.018821
-0.041660
-0.080928
-0.020060
0.017769
0.016259
-0.010559
-0.016951
-0.018636
-0.015766
0.017098
-0.017809
-0.000972
0.011964
0.037725
-0.039335
0.034337
-0.009869
0.016466
0.016466
0.020283
0.017068
0.045263
-0.036368
-0.017774
0.019003
0.019547
-0.021791
-0.035634
-0.086153
-0.019006
-0.062927
-0.051005
0.016077
0.037996
0.018904
0.019310
0.019603
-0.018382
0.021699
0.015254
-0.017809
-0.037151
-0.012926
0.017009
-0.020060
0.029461
-0.018945
0.019603
0.017098
-0.018558
-0.018215
-0.018945
-0.016355
0.015254
0.002050
-0.018086
0.017769
0.018904
-0.018382
-0.019523
0.016259
0.016986
0.017802
-0.012926
0.029056
-0.018382
-0.030826
-0.017562
0.004440
-0.002804
-0.023147
-0.002706
0.029737
0.051304
-0.064713
-0.018086
-0.024176
-0.017614
-0.013301
-0.013301
0.000896
-0.017809
-0.016355
-0.016355
-0.020387
-0.020060
-0.034544
-0.019523
-0.023301
0.021776
0.035767
-0.019965
0.007378
0.016077
-0.017596
-0.017596
-0.017596
0.016986
-0.017596
0.017009
-0.209720
0.017228
-0.008221
-0.016044
-0.018821
-0.000322
-0.020060
0.040116
-0.019690
0.015807
0.017802
-10000000.000000
0.078792
0.018588
-0.008027
-0.000134
0.027527
-0.004647
-0.013924
0.019198
0.019198
0.016605
0.002172
0.017802
0.002398
-0.020747
-0.037388
0.031122
-0.018945
0.009007
-0.007297
0.018570
0.018253
-0.002113
-0.002597
-0.016951
-0.016951
-0.037973
-0.040810
0.056886
-0.018576
-0.037271
-0.018382
0.004717
0.029351
0.019243
-0.019840
-0.021007
-0.015531
-0.017596
0.035552
-0.019523
0.017068
-0.017614
0.043516
0.111479
0.038668
-0.038103
-0.038779
0.018257
0.093889
0.016986
-0.020525
-0.136527
0.108093
0.051026
0.037215
-0.017614
0.016614
0.000495
-0.039535
0.017228
-0.026233
-0.017614
0.019603
-0.017596
0.019603
0.016466
0.019198
-0.013301
0.052871
0.037639
0.017009
0.017009
0.020582
-0.046509
-0.003140
-0.023421
-0.058810
-0.058456
-0.019750
-0.015766
-0.049827
-0.016355
-0.018382
-0.040692
-0.027541
-0.008221
-0.065862
0.092731
-0.013301
-0.018382
0.021832
-10000000.000000
-0.021791
-0.032776
-0.017809
-0.032459
0.002632
-0.017596
0.001169
0.039225
0.027683
-0.040989
0.009768
-0.018382
0.021766
-0.021007
0.018588
0.056749
-0.040623
0.016609
0.017068
0.017802
-0.018498
0.031908
0.016099
-0.042365
0.005305
0.004203
0.037405
-0.012926
0.044438
-0.016355
-0.053410
-0.012926
-0.033819
-0.000060
-0.026885
-0.020752
-0.081286
-0.025117
-0.034463
-0.068069
-0.017733
-0.043230
-0.001085
-0.001025
-0.020373
0.016525
-0.039166
-0.005842
-0.018498
-0.016951
-0.037151
-0.018498
-0.053924
0.018253
-0.034020
0.016605
0.017228
-0.018636
-0.002349
0.042265
0.017068
0.017098
0.016609
0.017802
0.019310
-0.019690
-10000000.000000
-0.035227
-0.007297
0.010712
-0.016355
-0.018215
-0.007297
-0.000972
-0.044565
0.006147
0.029372
-0.017809
0.016259
0.016259
-0.018382
-0.018382
0.013159
0.017098
0.030509
0.001919
0.019603
-0.019508
0.052848
-0.027853
0.063485
-0.001148
-0.018382
-0.017596
-0.014935
-0.000642
0.018904
0.015254
0.018282
-0.043754
-0.016951
0.003832
0.050334
-0.018945
-0.020747
0.016259
-0.013301
0.035537
-0.018576
0.016077
0.020283
-0.019690
-0.017774
0.019547
-0.018382
0.032931
-0.047376
0.016466
-0.018382
0.016986
-0.019690
0.054996
0.018588
-0.017809
-0.016355
0.016986
0.018588
0.058802
0.000060
0.018112
0.019003
0.017068
0.020625
-0.017774
-0.017774
0.015254
-0.020387
-0.016355
0.016259
-0.018236
-0.017774
0.018112
-0.012926
0.020283
-0.019774
-0.019774
-0.033732
0.017330
0.016609
-0.013301
-0.018382
-0.018382
0.018257
-0.016355
-0.019840
0.019003
-0.018215
-0.016355
-0.016355
0.017068
-0.019098
0.018904
-0.020525
0.018112
-0.017809
0.016259
-0.016355
-0.018576
-0.008221
-0.025508
0.017098
0.016986
-0.017774
-0.018382
0.018282
0.017068
0.018257
0.018257
-0.020525
-0.020525
0.019198
-0.020963
-0.016355
-0.017774
0.018351
0.018282
0.018282
0.036031
0.020283
0.016466
-0.019965
0.016986
-0.035227
-0.017809
-0.016951
-0.056718
-0.093552
-0.016951
-0.033902
-0.070737
-0.004351
-0.012926
-0.018821
0.011315
-0.012164
-0.019416
0.017098
-0.083141
-0.018086
-0.018086
-0.053372
0.018904
-0.037824
-0.033975
0.018588
0.016614
0.057773
-0.054871
-0.017596
-0.032985
-0.031636
0.018488
0.018751
-0.019840
-0.039440
0.018253
0.018588
0.031508
-0.018558
-0.035549
-0.007297
0.020947
-0.007297
-0.019691
-0.006715
-0.019840
-0.025077
-0.051980
0.025593
0.018112
-0.087218
0.012355
-0.019965
-0.019965
-0.008221
-0.018229
-0.020691
-0.017774
-0.016951
-0.016951
-0.007297
-0.018236
-0.086757
0.031156
0.018258
-0.012024
-0.034328
0.001987
0.002950
-0.001067
0.021603
-0.043433
0.017098
-0.056278
-0.016355
0.115193
-10000000.000000
0.103003
0.050221
0.085762
0.014968
0.003226
0.017228
0.048476
0.027797
0.009215
-0.010195
-0.018558
0.020645
0.039350
0.001895
-0.065420
-0.028083
-0.013301
-0.016355
0.000915
0.035310
0.015254
-0.016355
-0.020387
-0.067343
-0.000877
-0.074080
0.006408
-0.048221
0.010000
0.010864
-0.007464
0.018253
0.001378
-0.018188
0.049413
0.004259
0.017438
-0.028731
-0.013301
0.000980
-0.019690
-0.022741
-0.020963
-0.020963
-0.040121
-0.051352
-0.004172
0.020283
0.018588
-0.019965
-0.019965
-0.015766
-0.036169
-0.020525
-0.001025
-0.038894
-0.052766
-0.032665
-0.019691
0.075705
-0.013301
0.039333
-0.049044
0.012244
0.018257
-0.051706
0.011386
-0.001102
-0.048901
-0.012481
0.062890
0.020904
0.028489
0.039945
0.019603
0.019603
0.017330
0.018112
0.040299
-0.018558
-0.018558
-0.020525
-0.008440
-0.028473
0.011478
-0.015766
0.017228
-0.017809
0.067101
-0.019416
-0.008221
-0.018382
-0.016355
-0.018576
-0.018576
-0.059323
-0.036765
-0.008221
-0.024664
-0.002470
-0.036318
-0.029261
-0.017809
0.016259
-0.007297
0.018282
-0.030543
-0.020486
0.019310
0.003414
0.004180
0.019198
0.053212
-0.002021
-0.018236
0.018112
0.016077
0.018253
0.018112
-0.038339
-0.017803
-0.038779
0.020625
0.035303
0.019198
-0.018382
-0.013301
-0.008221
0.017068
0.028489
0.016077
0.020206
0.035039
0.017098
0.029634
0.036406
0.017068
0.018904
-0.008221
0.018257
0.018257
0.019243
-0.019750
0.017098
-0.048666
0.052570
0.017068
-0.016951
-0.019006
0.009768
0.018588
0.019547
0.031845
0.017228
-0.054878
-0.018382
0.041660
0.018588
0.076374
0.011305
0.018010
0.028659
-0.015766
-0.038389
-0.018927
0.019310
-0.018086
-0.012926
0.018257
0.003577
-0.017385
-0.018236
-0.013301
0.018904
0.015340
0.018257
-0.027196
-0.027827
-0.013301
0.019547
-0.008221
0.016077
-0.008221
-0.013064
-0.019098
0.001535
0.015080
0.019243
-0.028088
0.018257
-0.018667
-0.019098
-0.019098
-0.019098
0.017098
-0.003529
-0.018382
0.019003
-10000000.000000
0.019243
0.031824
0.017098
-0.040956
-0.076993
0.016609
-0.037078
0.018282
0.018282
0.018282
-0.018576
0.020947
0.004800
-0.029541
-0.008221
0.017330
-0.066504
-0.013301
-0.013301
0.020283
0.017802
0.018904
0.016986
-0.049078
-0.020192
-0.025853
-0.018382
-0.098979
0.019198
-0.045705
-0.162460
-0.007297
0.018588
-0.021191
-0.051774
-0.009521
0.030185
-0.055675
0.016614
-0.016361
0.059448
-0.019109
-0.033939
0.018253
-0.018236
0.030936
0.016466
0.020645
-0.028470
-0.013301
0.017068
0.016605
-0.017774
-0.017614
-0.017614
-0.033902
0.020283
-0.029804
0.038248
-0.038098
-0.050964
-0.007297
-0.035549
-0.067871
-0.013750
-0.020192
-0.005177
-0.017774
0.020645
0.016077
0.016614
0.032931
0.032931
0.055883
-0.017774
-0.017774
0.035303
-0.019840
-0.014631
0.004050
0.012628
-0.013301
-0.020387
0.009567
-0.012926
0.019243
0.043525
0.013685
-0.021007
-0.040728
-0.016355
0.013743
0.021323
0.030355
-0.004805
-0.002617
-0.005285
-0.017614
-0.018576
-0.019523
0.032758
-0.026602
0.017098
-0.026672
-0.018558
-0.019691
0.026703
-0.004857
0.009128
0.017255
0.012349
0.023441
0.019198
0.016466
0.014263
-0.007297
-0.026160
-0.017809
0.016466
0.036753
-0.013301
-0.019926
0.017802
-0.017614
-0.014525
-0.031403
0.017098
0.015254
0.019603
0.015254
-0.011985
0.106580
-10000000.000000
0.017058
-0.002225
0.005775
-0.063227
-0.036235
0.020645
-0.018086
0.016614
-0.019922
0.020645
-0.016355
-0.016355
-0.017809
0.007718
-0.012926
-0.012926
-0.012926
-0.013064
0.015254
-0.007297
-0.030079
0.015254
-0.013064
-0.007297
-0.014594
-0.007297
0.011093
-0.026501
-0.007297
-0.019840
-0.019750
0.040838
-0.013720
0.017068
-0.018498
-0.016951
0.046557
-0.015907
-0.025701
-0.002109
-0.012926
0.010379
0.020642
-0.003456
-0.039045
-0.016951
0.017068
-0.016951
0.032931
-0.019006
0.018253
0.016605
0.016614
-0.039058
-0.037199
-0.017614
-0.018382
-0.013301
-0.019691
-0.018945
0.000932
0.038459
0.030349
0.014889
-0.017596
-0.020387
0.037995
-0.016355
0.016605
-0.017774
-0.016355
0.019198
0.018588
-0.018558
-0.018248
-0.015766
0.016986
-0.007297
0.019310
0.016986
0.017802
0.002806
0.019003
0.018588
-0.040204
0.032604
0.016614
0.016614
0.016986
0.019193
0.036505
-0.018236
-0.008221
0.016986
0.016986
0.067812
0.017402
-0.034132
-0.113599
0.017802
0.028088
-0.013301
0.017009
-0.021007
-0.021007
-0.037598
0.016986
-0.019965
-0.012926
-0.016951
-0.016355
-0.018945
-0.008221
0.016986
0.018904
0.018112
0.037107
0.016605
0.017802
-0.017614
-0.017614
-0.017614
-0.040164
0.002724
0.018112
-0.029603
0.016466
0.016614
-0.019691
-0.020882
-0.037271
0.017769
-0.019523
-0.016355
0.016609
-0.019691
-0.027915
0.015254
-0.004331
0.015254
0.027847
0.000367
0.022717
-0.044571
0.015254
-0.057273
0.015114
-0.008221
-0.018576
-0.035247
-0.012887
-0.029355
-0.084675
-0.017397
0.017541
-0.030466
0.018282
-0.017614
0.018282
-0.037271
-0.033276
-0.018945
0.002027
-0.004134
-0.046018
0.004050
0.035780
0.019003
-0.008221
-0.020963
-0.016355
0.041403
-0.017596
-0.017596
-0.009984
0.023978
-0.018236
-0.018382
-0.015766
-0.016355
0.015254
-0.019006
-0.019690
0.097308
0.047677
0.039239
-0.007297
-0.007297
-0.019922
0.017098
-0.008221
0.018588
-0.018498
-0.019523
-0.013301
-0.044195
0.013196
-0.007297
-0.012926
-0.015766
0.033217
-0.007297
-0.007297
-0.008221
-0.007297
-0.007297
0.001630
-0.018945
0.001649
0.020283
0.019198
0.018253
0.016614
0.033228
0.031820
-0.019965
0.015254
-0.002821
0.018253
0.036505
-0.019965
-0.001239
-0.036472
0.019547
0.034659
0.018112
-0.013301
-0.001389
0.017330
-0.025185
0.072522
0.016605
0.015254
0.018588
0.018588
-0.019840
-0.019840
0.018112
0.054248
0.036980
0.013939
-0.032473
-0.013301
0.025540
-0.047299
-0.035893
0.000008
0.018112
-0.040914
-0.017596
-0.013301
0.034268
-0.018945
-0.041342
0.054999
-0.018236
-0.037117
-0.018086
0.016605
-0.048228
-0.006396
0.067994
-0.001659
0.039029
-0.016443
-0.008221
-0.008221
0.043244
0.017228
0.018904
-0.018558
-0.018236
-0.002803
-0.012926
-0.048059
-0.080584
-0.018086
-0.018086
-0.018215
0.016077
-0.018086
-0.018086
0.013058
0.019728
0.017068
-0.018558
0.034247
-0.002018
-0.016355
0.016609
-0.032646
-0.017809
0.016077
0.016259
-0.018576
0.017802
0.017009
0.010018
0.049816
-0.016355
-0.008221
0.015254
-0.008221
0.009278
0.014554
-0.032716
-0.018498
-0.010165
-0.001772
-0.018075
0.006227
0.015254
0.027828
-0.047543
-0.018821
0.037081
0.017068
0.019003
-0.017774
0.019547
0.018257
-0.008221
-0.013301
-0.040224
-0.017809
-0.020387
0.000479
-0.050133
0.025222
-0.046238
0.058498
0.016163
-0.050236
-0.017809
0.015254
-0.031162
0.010896
-0.018382
0.017773
-0.040504
-0.015922
0.016609
-0.000579
0.039094
0.019547
0.079246
-0.017614
0.018282
-0.018498
-0.008221
-0.013064
-0.017774
-0.046847
-0.002577
-0.016951
-0.019691
-0.020963
-0.018086
-0.016951
0.020904
0.039180
0.015254
0.061612
0.018904
0.058092
-0.027142
0.015254
0.016609
-0.018215
-0.018576
-0.019750
0.030219
-0.000742
-0.017596
-0.017596
-0.062330
0.018282
-0.020963
-0.016355
0.017009
-0.008221
-0.018576
-0.016271
-0.017774
-0.037089
-0.037284
0.018904
-0.018636
-0.018636
-0.018236
0.016077
-0.019098
-0.015285
0.001371
-0.031637
-0.000137
-0.018576
-0.019098
-0.008221
-0.018558
0.000578
-0.018576
0.017068
-0.019523
-0.032051
-0.013301
-0.020747
0.017228
-0.052765
-0.013301
-0.033491
-0.008221
-0.040204
0.016324
0.016531
-0.059294
0.018775
-0.035617
-0.018636
0.019003
-0.015766
0.023475
0.002550
0.016986
-0.018498
-0.003931
-0.017946
-0.019945
-0.012926
0.034195
0.017228
0.015254
-0.007432
-0.025952
0.037177
-0.029780
0.019890
0.039300
-0.019690
0.018904
-0.036198
-0.016951
0.030773
-0.064104
0.080483
0.020903
-0.018498
-0.039576
-0.015766
0.020239
-0.055390
-0.019965
-0.014700
0.009048
-0.008221
0.055567
-0.012926
0.030820
-0.020312
-0.019690
-0.019691
-0.000834
0.018904
0.016077
0.017330
-0.027638
-0.016068
0.039050
0.016466
0.018257
-0.011345
-0.016443
0.002086
0.016609
0.017009
0.020645
0.016259
0.019003
0.004789
0.016609
-0.019523
0.017802
0.017802
0.019603
0.019603
0.018904
0.016986
0.019547
-0.039001
-0.019750
-0.022751
0.017068
-0.010464
-0.130097
-0.016355
-0.019098
-0.019098
-0.017809
0.038620
-0.018636
0.000568
0.019310
0.019310
-0.016355
-0.040119
-0.064407
0.010458
0.099057
0.018904
-0.005722
0.016077
0.039620
0.038515
0.061303
0.019198
0.082329
0.050201
0.053406
0.016466
-10000000.000000
0.089224
0.067792
0.043622
0.093542
0.034017
0.029859
-0.017614
-0.000005
0.017068
-0.017774
-0.017614
0.034136
0.020642
0.041285
0.020642
-0.019922
0.004193
0.037515
0.038718
-0.079200
-0.017614
0.016077
0.033210
0.016605
-0.018558
0.019003
-0.000134
-0.008221
-0.019774
-0.017809
-0.025318
0.017330
0.000014
0.017330
-0.020192
-0.020192
-0.020192
0.033281
-0.018498
0.018112
-0.001458
0.032604
-0.040048
-0.018086
-0.018558
-0.019922
0.033346
0.005713
-0.008221
0.042433
-0.020486
-0.038195
-0.016355
-0.019098
-0.015766
-0.019750
0.016986
0.015254
0.018253
0.018253
0.037515
-0.039380
-0.059894
-0.019965
-0.019523
-0.026672
-0.058377
-0.105416
-0.021891
-0.014594
-0.019006
-0.025185
0.020645
0.018904
-0.037642
-0.037642
-0.018821
-0.018821
0.017098
0.017098
-0.031112
-0.018382
-0.040774
0.034017
-0.016355
-0.017809
0.009510
-10000000.000000
-0.015036
0.001086
0.017769
0.019547
-0.015585
-0.021791
0.050964
0.017068
-0.030848
-0.018558
0.019198
0.033228
-0.018821
-0.018945
-0.016355
-0.020060
-0.020060
0.018282
-0.017614
0.017098
-0.019690
-0.017614
-0.038900
-0.018576
-0.019098
-0.020525
-0.020525
0.017228
-0.018945
0.006716
-0.038475
-0.018945
0.018588
0.020206
0.020206
0.020206
-0.019922
-0.040850
-0.036102
-0.018636
0.009111
-0.000172
-0.026885
0.040159
0.043705
-0.013301
-0.018558
-0.017614
-0.037938
0.048126
0.019198
-0.018216
-0.039500
-0.033212
-0.036472
-0.036472
-0.018236
-0.018236
-0.018236
-0.018236
-0.036472
0.016609
0.050444
0.023447
-0.016355
-0.019006
0.025081
0.005942
-0.040229
0.016466
-0.048487
0.027084
0.020679
-0.018576
0.009494
-0.012926
-0.019690
-0.019840
-0.018382
-0.047311
-0.016355
0.016466
0.016466
0.015948
0.018588
-0.015766
-0.042897
-0.019774
-0.013301
-0.016355
0.029369
0.019198
0.035604
0.056570
-0.020486
-0.019006
-0.016443
0.016986
-0.017809
-0.039879
0.017511
0.030649
-0.020584
-0.017809
-0.018215
-0.020229
0.018112
-0.017614
-0.017614
0.033972
0.055652
0.094466
0.016986
-0.015766
-0.000536
-0.037367
-0.015539
-0.016355
-0.042020
-0.014596
-0.007297
-0.018576
-0.016355
-0.020387
0.018904
-0.037642
-0.017614
-0.001817
0.017009
0.018112
-0.016951
-0.020387
0.016605
0.016605
-0.018382
-0.017809
-0.018382
0.017802
0.017068
0.004076
-0.037045
0.019547
0.039493
-0.003716
-0.017809
-0.017809
-0.017809
-0.018576
-0.013301
-0.019416
0.049716
0.017098
-0.038446
-0.035954
-0.005073
0.024958
0.019003
0.010647
0.038358
0.044828
-0.002547
0.018588
-0.031388
0.011596
-0.019690
0.020625
0.019003
0.017098
-0.018576
0.004076
-0.021891
-0.007297
-0.011653
-0.014594
-0.033902
-0.012926
0.060535
-0.019965
0.018588
0.016605
0.018112
0.018112
0.017068
-0.018236
-0.072943
-0.036472
0.016986
-0.018576
0.017009
0.055080
-0.029745
0.050704
0.028667
0.017098
-0.018498
-0.049317
-0.012926
-0.018558
-0.018636
-0.018920
-0.075683
-0.041763
-0.015226
-0.018215
0.017228
-0.017809
-0.019471
0.017769
0.019728
0.018588
-0.020747
0.018257
0.018257
-0.016355
-0.000137
-0.013301
-0.002072
0.018257
-0.016951
-0.000034
-0.014235
-0.016355
-0.001941
0.019310
0.007567
-0.008221
0.016077
0.019310
-0.000239
0.017769
-0.013301
-0.017614
0.018257
0.018282
-0.012926
-0.041601
0.009247
0.034136
0.018257
-0.007297
0.019003
-0.008221
-0.008221
-0.020525
-0.019840
-0.002848
-0.038244
-0.019985
-0.017809
0.003337
0.024509
0.019547
-0.017809
-0.016698
-0.015766
-0.015766
0.015254
-0.017774
-0.004594
-0.025873
0.016605
-0.021733
0.018887
0.002682
-0.016951
0.030213
0.017228
-0.026422
-0.013301
-0.020486
0.017009
0.041925
-0.017809
0.019243
-0.017596
-0.016951
0.017009
0.047968
0.007120
0.018282
-0.012926
-0.012368
-0.016355
-0.017774
-0.018558
0.054539
-0.013301
0.005633
-0.013301
-0.013301
-0.002040
0.087423
0.017693
0.018117
0.047750
0.018253
0.056200
-0.013301
0.003102
0.016605
0.018282
-0.013301
0.000399
0.031909
-0.017774
0.076886
-0.001461
-0.026675
0.112369
0.016259
0.094513
-0.007287
0.085413
0.070867
0.007378
0.034074
-0.060468
0.046006
0.012720
-0.014207
0.048778
0.018904
-0.016951
-0.016951
-0.021617
0.016609
0.019547
0.019728
0.041527
-0.008221
-0.054789
0.017769
-0.012926
-0.013301
-0.020192
-0.016951
-0.036430
0.019198
-0.017809
-0.019750
-0.019098
-0.019840
0.016614
0.016614
0.030504
-0.019416
-0.018382
0.018282
-0.018821
0.018904
0.035481
0.068033
-0.039299
-0.018382
-0.000204
-0.000798
-0.018236
-0.001424
0.017098
-0.016951
0.036161
0.015254
0.000319
0.038653
0.036790
-0.021007
0.018257
0.015254
0.015254
-0.013301
-0.019922
-0.017614
-0.017614
-0.001524
-0.015532
0.018282
0.010695
0.020283
0.073335
0.019310
-10000000.000000
0.018112
0.018112
0.017228
-0.019690
0.037473
-0.055011
-0.008221
-0.027040
-0.000073
0.020645
-0.018576
-0.029272
-0.018086
-0.018086
-0.017614
0.015254
-0.017614
-0.016951
-0.016355
-0.019691
0.016466
0.019547
-0.017809
-0.039487
-0.017614
-0.021703
0.008065
0.018282
-0.022272
0.037295
-0.039165
-0.039165
-0.019690
-0.037471
-0.037513
0.000529
-0.017774
-0.017596
-0.017774
0.025811
-0.007297
-0.070284
-0.045705
-0.172756
-0.084113
-0.007297
-0.007297
0.038610
0.062005
0.057212
0.016609
-0.018636
-0.039903
-0.013916
0.014624
0.017330
-0.016295
-0.016951
-0.038583
-0.020223
0.010056
0.015254
0.017330
0.034780
-0.004942
0.016986
-0.013301
-0.018382
-0.021791
0.063781
0.001508
0.016614
-0.018821
-0.065783
0.036333
-0.096504
0.002333
-0.019774
0.009901
-0.016355
0.015254
-0.029257
0.020283
-0.010327
-0.008740
0.015254
0.017228
0.001184
0.019097
0.030963
0.019728
0.035791
0.030586
-0.018576
0.040726
-0.054432
-0.009450
0.112723
-0.018215
0.000022
-10000000.000000
-0.035893
-0.050309
0.046186
-0.053486
-0.008221
-0.037558
-0.016800
-0.033243
0.045207
-0.019006
0.019243
-0.036834
0.035604
0.016259
-0.004472
0.037353
0.018282
-0.031477
0.002146
-0.029713
0.001506
0.003732
-0.013301
-0.015376
-0.013400
-0.018382
0.001027
-0.015718
0.035254
-0.007297
-0.020194
0.016259
0.000666
-0.017809
-0.007297
0.016609
0.032519
-0.017614
-0.016355
-0.058847
0.016466
-0.018215
0.032001
-0.038550
0.056400
0.017330
0.013639
0.017098
-0.090420
-0.017596
-0.017596
-0.018498
0.014305
-0.001269
-0.048651
-0.016443
0.018588
-0.024182
-0.008221
-0.038701
-0.007297
0.019243
0.018285
-0.013301
-0.026602
0.018257
-0.044495
-0.017774
-0.013204
0.007843
-0.027689
-0.019691
-0.015914
-0.018382
-0.017596
0.016614
-0.018498
-0.020486
-0.016355
-0.036368
-0.018382
0.016416
-0.012926
-0.019006
-0.018215
0.039450
0.016466
0.018904
-0.016951
-0.018498
0.016077
-0.013301
-0.056293
-0.020747
0.016259
-0.020387
-0.011638
0.017330
0.028276
-0.014749
-0.034260
0.038027
-0.021913
0.076929
-0.001366
0.018112
0.016986
0.018375
0.013828
0.017330
0.048471
0.011855
-0.019098
-0.020457
-0.016508
0.001622
-0.038340
-0.020747
-0.032614
0.026669
-0.016355
-0.004351
0.015254
0.052799
-0.005321
0.007839
-0.025324
-10000000.000000
0.099328
0.019603
0.049716
-0.021791
-0.017614
-0.019750
-0.018945
-0.037891
0.007302
-0.016355
-0.013301
0.019603
0.016609
0.050087
0.012984
-0.018558
-0.020963
0.038007
0.019310
-0.018215
-0.017774
-0.017774
-0.017809
0.019962
0.020625
-0.018945
0.019003
-0.008221
-0.021749
-0.016951
0.002118
-0.007297
-0.011129
0.018112
-0.018576
-0.002032
0.018257
-0.008126
0.018257
-0.017774
-0.018636
-0.002905
-0.013243
-0.018576
0.007397
0.016259
0.018257
-0.030679
0.020283
-0.026726
-0.015766
-0.017614
-0.002188
-0.012926
-0.017809
-0.000995
-0.018563
-0.019523
-0.018576
0.018588
-0.059519
-0.028461
-0.020387
-0.008221
0.000035
0.018863
-0.000977
0.019547
-0.018382
-0.018636
0.041824
-0.018636
0.019198
-0.000365
-0.046559
-0.038060
0.015282
0.018253
0.052649
-0.026602
0.056843
-0.020060
-0.017614
0.006382
-0.017025
-0.018518
0.029615
-0.003471
-0.002796
-0.000243
-0.017809
-0.013301
0.016609
0.018257
-0.017614
-0.016355
-0.016951
-0.016951
-0.029216
0.002782
0.010982
0.018282
0.013335
0.041310
0.014512
0.037482
0.041265
0.040307
0.017068
0.039802
0.001449
-0.020525
0.014038
-0.017809
-0.015766
0.018904
-0.019965
-0.017614
0.016614
-0.025853
-0.009094
0.019675
0.017330
-0.019840
-0.017774
-0.008221
0.018112
0.020904
0.018112
-0.020192
-0.017809
0.043823
0.008326
0.018112
0.017098
0.004193
-0.008221
0.000834
-0.019965
-0.018821
-0.001656
0.017802
0.018719
0.000519
0.018112
0.051633
0.009915
-0.020575
-0.001489
0.017068
-0.020060
-0.019690
-0.015766
-0.007297
-0.048253
-0.037658
0.061507
-0.076745
-0.017774
0.002984
-0.012926
-0.017809
0.052018
-0.052787
0.011558
-0.019965
0.021279
0.017228
-0.020963
-0.016355
0.018112
0.018257
0.045763
0.015254
0.016614
0.020582
0.004104
0.016605
0.019547
0.020625
0.017228
-0.007297
-0.027024
0.028354
0.018253
0.017068
-0.001201
-0.002898
0.017228
0.018253
0.017769
0.038625
0.039809
0.019310
0.063168
0.017098
0.018588
0.018588
-0.000616
0.040893
-0.032650
0.045265
0.037596
-0.018576
-0.008221
0.040392
0.002049
0.017228
-0.025853
-0.012926
-0.038779
0.017330
0.017330
0.019547
0.000256
-10000000.000000
-10000000.000000
0.016609
0.037388
0.017228
0.029104
0.034367
0.054242
0.020642
0.017098
0.018253
0.017098
-10000000.000000
0.020642
0.017330
-0.018945
-0.030518
0.016614
0.017330
0.018588
0.061409
-0.019523
0.017802
0.016609
-0.048173
-0.012107
0.037473
0.038870
0.037672
0.016410
0.016259
-0.017809
0.017228
-0.016951
-0.017596
0.008726
0.009581
0.016077
0.000739
-0.007297
-0.017614
0.032999
0.058934
-0.018558
-0.019691
0.015254
-0.018576
0.016466
0.016259
-0.017809
-0.002000
0.093781
0.058773
0.052819
-0.001320
-0.033136
0.018588
0.013196
-0.018636
-0.037271
0.017769
0.017769
0.018112
0.031951
-0.038178
0.032519
0.016077
-0.018382
0.018282
-0.017809
0.018112
0.018588
-0.020192
-0.016355
-0.019965
-0.015766
-10000000.000000
0.044831
-0.020882
0.024940
0.040859
-0.018636
0.029229
-0.019416
0.017330
0.018257
-0.013301
0.001106
0.041112
0.018257
-0.031539
0.020645
0.016614
0.015254
-0.019006
0.020283
-0.019965
0.018904
0.018112
-0.003163
-0.017614
-0.015766
-0.017614
0.018588
-0.020778
-0.006818
0.033178
0.038784
0.018282
-0.012926
0.020582
0.059945
0.019603
0.017802
0.002513
-0.017809
0.018257
0.015254
-0.008221
0.018588
-0.018382
-0.007297
-0.007297
-0.019965
-0.019523
-0.019098
-0.019922
-0.015766
0.018282
0.035936
0.020645
0.029335
0.043460
-0.018086
0.000532
-0.036172
-0.018086
-0.013301
-0.018382
-0.018945
0.017228
-0.047010
-0.019965
-0.019416
-0.017774
0.019310
-0.018576
0.016605
-0.016355
-0.033544
0.017802
0.017068
0.036221
-0.020192
0.017330
0.017802
-0.005325
0.016986
0.020283
0.017009
-0.017614
0.024160
-0.001458
0.018253
-0.018821
0.015254
0.018588
0.038158
-0.003444
0.018257
-0.015766
-0.019416
-0.018382
-0.113172
-0.001516
-0.007297
-0.027087
-0.013301
-0.017809
-0.030515
0.008448
-0.000409
-0.016355
-0.008221
0.016609
-0.016951
0.028590
-0.018082
0.019881
-0.021010
0.067622
0.016259
-0.020192
0.019675
-0.018382
-0.021191
-0.020387
-0.016951
-0.025291
0.044731
-0.081680
0.040412
-0.001296
-0.019965
0.016986
-0.017809
-0.008221
-0.012926
0.029758
0.028232
0.018282
0.063620
0.030307
-0.047429
-0.015635
-0.019840
-0.012926
-0.019965
-0.000513
0.017330
0.016609
0.018588
-0.055675
-0.018576
-0.017614
-0.017809
-0.019691
-0.007297
-0.014594
-0.007297
-0.007297
-0.033680
-0.012926
0.037968
-0.017774
0.047827
-0.021815
-0.015766
-0.019523
-0.019098
-0.035549
-0.020486
-0.008221
-0.012926
-0.053712
0.017769
-0.037231
-0.020747
-0.037780
0.028207
-0.007297
-0.018576
-0.027974
-0.025547
0.017632
-0.019840
-0.001092
-0.056213
0.015254
0.007667
0.018112
-0.016355
0.019675
0.016986
-10000000.000000
0.049551
0.031241
0.042498
0.048319
0.018282
0.016614
-0.018382
0.020625
0.000214
0.016259
-0.004118
0.005002
-0.028004
0.012288
-0.018558
-0.016355
-0.045687
0.016605
-0.039381
-0.008221
-0.002234
-0.021143
-0.018382
-0.008221
0.016077
0.016077
-0.000034
-0.001296
0.018112
0.016466
-0.020060
-0.017774
-0.017774
-0.017774
0.016466
-0.019965
0.050310
0.018588
0.017769
0.018588
-0.016951
-0.017774
0.057461
-0.005840
0.016986
0.036505
-0.035617
-0.017774
0.019728
-0.018086
-0.018498
0.075754
0.016466
-0.000006
0.046330
0.070121
0.015254
0.050715
0.010064
0.030509
0.015254
0.015254
0.016605
0.015254
0.015254
0.015254
0.036811
-0.019416
-0.018576
-0.021007
-0.016355
0.044225
-0.018576
0.038971
0.020625
0.016614
0.000018
0.016614
0.015562
0.014557
0.033884
0.016614
-0.020387
0.018253
-0.037271
-0.050343
0.020947
0.017098
-0.015766
0.016259
-0.019840
-0.025120
-0.003606
-0.028563
0.031073
-0.018382
0.018904
0.018112
0.098609
0.046172
0.016609
0.032057
-0.018382
0.018904
-0.018382
0.046902
-0.008221
0.016077
0.036753
-0.018086
-0.027040
-0.019840
-0.032755
-0.018821
0.017228
0.016609
0.016609
-0.018382
-0.019750
-0.021007
0.015254
0.020283
-0.017809
-0.049080
-0.030314
-0.012926
0.018112
-0.016385
0.023145
0.016466
-0.015728
0.023757
-0.017809
-0.008221
-0.008221
-0.020525
-0.020525
0.016986
0.018257
-0.019604
-0.005333
0.059607
-0.015766
-0.020747
-0.008221
0.037561
0.018257
-0.036472
-0.027906
-0.019523
-0.018576
-0.018236
0.020283
-0.031481
-0.025853
0.070993
-0.012926
-0.018498
-0.030654
-0.040046
-0.053612
0.010103
0.031014
0.007331
-0.044111
-0.018558
-0.019006
0.016986
-0.015766
-0.015766
0.002337
-0.012926
-0.016355
0.024882
-0.041107
-0.128920
-0.007297
0.015254
-0.008221
-0.016443
0.017068
-0.007297
-0.028670
0.016609
0.017098
0.017228
-0.019690
-0.013301
0.015254
0.018588
-0.013301
0.041423
0.032835
-0.019750
-0.015766
0.037679
0.040790
-0.001849
0.017098
0.006382
-0.007297
-0.007297
-0.014594
-0.007297
-0.007297
0.018588
-0.008221
-0.007297
0.033217
-0.013301
-0.024890
-0.032221
0.018282
-0.011757
0.032303
0.018282
-0.026548
0.005410
0.018112
-0.002905
0.016609
-0.018821
0.018112
0.018112
0.018282
-0.041786
-0.090318
0.015254
-0.008221
0.000386
-0.018498
-0.016443
-0.023265
-0.056638
0.009762
-0.018382
-0.001178
0.035461
0.019198
0.020904
-0.016355
-0.020486
-10000000.000000
0.051779
-0.017809
0.045324
0.018282
0.018112
0.020206
0.073466
0.020582
0.019603
-0.013301
0.018253
0.017330
0.001608
-0.019416
-0.017596
-0.020184
-0.044171
-0.015275
0.017228
-0.018576
-0.019922
0.017228
-0.018086
-0.078279
-0.020060
0.045284
-0.017809
-0.018236
-0.018236
-0.017809
0.017098
0.016077
-0.029845
-0.019416
-0.020747
-0.013301
0.020345
0.017009
0.017769
-0.008221
-0.008221
-0.023265
-0.008221
0.038570
-0.005796
0.022489
-0.089366
0.018282
0.051709
-0.036139
-0.018558
0.038004
0.017068
0.019675
0.018112
-0.018576
-0.017614
-0.018236
-0.055727
-0.020525
-0.013301
0.007681
-0.001651
-0.000498
-0.037393
-0.039535
-0.018215
-0.084287
-0.034571
-0.034154
0.055129
-0.002710
-0.037440
-0.071678
0.001858
-0.044119
0.011825
0.037717
-0.019006
-0.019006
-0.013301
0.019310
-0.019098
-0.019098
-0.019098
0.016259
0.016259
-0.035352
-0.028895
-0.013301
-0.019750
0.059183
0.016986
-0.019750
-0.075782
-0.018945
-0.015766
0.017394
-0.015766
-0.015766
-0.061601
0.016614
-0.008221
0.033228
-0.017596
0.004821
0.019844
-0.026397
-10000000.000000
0.109796
0.016077
0.016077
0.048680
-0.018576
0.018112
-0.074596
-0.018576
-0.016443
-0.008221
-0.016443
0.007973
-0.015479
-0.020525
-0.037271
-0.046367
-0.078999
-0.019750
0.019243
0.016605
0.018904
-0.004614
-0.037642
-0.019098
-0.017614
-0.019416
-0.019416
-0.012926
0.017802
0.000977
-0.016355
-0.080542
-0.042571
-0.031533
-0.018576
-0.033688
0.016466
0.017098
0.020625
-0.005070
-0.015766
-0.018636
0.046000
-0.026453
-0.008221
-0.038945
0.017330
0.035917
0.020947
-0.007042
-0.002786
0.036536
-0.025185
0.080953
-0.008221
-0.020747
0.018112
-0.018558
0.016614
0.016614
0.017228
0.017228
-0.019416
-0.039165
0.017802
-0.019840
0.053306
0.017769
0.017769
0.016259
0.017802
-0.016951
0.050082
0.019198
0.002431
0.017802
0.016986
0.016986
0.046862
0.040350
0.017802
0.018904
0.018904
0.017098
-0.016355
-0.016355
0.019310
0.019243
0.017068
0.018253
-0.013301
0.018282
0.014549
-0.000614
-0.016951
-0.016951
-0.016951
-0.027350
-0.022769
0.016605
0.038036
-0.018576
-0.018685
-0.031533
0.030115
0.019728
-0.008221
0.016614
-0.019416
0.079018
0.048760
0.017330
-0.013301
0.036661
0.016614
0.016614
0.031202
-0.007512
0.016614
-0.026672
0.038236
0.062026
-0.076265
-0.037181
-0.039037
0.018588
0.017802
0.044930
-0.017614
0.019198
0.030156
0.039188
-0.006519
-0.020525
-0.019965
-0.037228
-0.018636
0.017330
-0.018636
-0.018326
-0.057555
-0.022751
0.009519
-0.013854
0.026506
-0.032574
0.017228
0.041779
0.028667
-0.018118
-0.032907
-0.049143
0.014957
0.002299
0.001503
-0.002467
0.018257
-0.009168
-0.007004
0.034563
0.013698
0.009211
-0.001113
0.017228
0.042926
0.019675
0.016466
0.039290
0.016614
0.019003
-0.018576
-0.018636
-0.018983
0.018112
-0.046692
0.017098
0.000926
-0.007297
0.017009
0.017009
-0.008221
0.012272
-0.016355
0.017068
0.015726
-0.016355
-0.018498
0.016605
0.016986
-0.008221
-0.008221
-0.008221
0.019728
-0.017774
0.005116
-0.017774
-0.013301
-0.018576
-0.017614
-0.012926
-0.018086
-0.008221
-0.018576
-0.008221
-0.008221
-0.043500
-0.032279
-0.008221
-0.019523
-0.017069
0.017228
-0.018558
-0.067610
-0.012926
-0.007297
-0.008221
-0.012926
-0.018215
-0.017809
0.019243
-0.064632
-0.019691
0.017098
0.018282
0.019675
0.017034
0.014682
0.019003
-0.018382
-0.019750
-0.007297
-0.008221
-0.018382
-0.019691
-0.058674
-0.015766
-0.015766
0.019243
-0.018215
0.016428
0.019603
-0.016951
-0.018382
-0.019750
0.037480
-0.020882
-0.018236
-0.013301
-0.013301
-0.013301
-0.008221
0.025604
0.019634
0.036349
0.047262
0.036782
-0.016951
-0.020194
-0.015766
0.016605
0.007020
-0.052478
-0.012926
-0.064764
-0.021191
-0.007297
-0.018215
-0.027425
0.018588
0.037823
0.017330
-0.037271
0.017228
0.018257
-0.016355
-0.019006
-0.017809
-10000000.000000
0.000357
-0.030557
0.040435
-0.017774
-0.008221
-0.008221
-0.028895
-0.018558
0.015254
-0.019416
-0.012355
0.016609
-0.013301
0.000576
0.018588
-0.016355
-0.019691
-0.019691
0.016609
0.015254
0.020904
-0.017614
-0.018215
-0.068365
-0.021007
-0.016355
0.037431
0.035315
0.076098
0.082223
0.035477
-0.020747
0.027828
0.015254
-0.004220
-0.020747
-0.007297
-0.013301
0.018257
0.035167
0.018257
-0.017774
-0.018576
-0.018215
0.017802
0.016614
0.016614
0.016614
-0.019691
0.014416
-0.048593
0.003505
-0.089562
0.001298
0.017228
-0.040566
0.018257
0.010209
0.067169
0.018904
0.029273
-0.031622
-0.017809
-0.038611
0.020642
0.000099
-0.020060
0.020206
0.019728
0.058809
-0.017614
-0.018236
0.018112
-0.034188
-0.031390
0.033533
-0.042372
-0.013301
-0.019006
-0.017809
-0.017774
0.001961
-0.001366
-0.000698
-0.046559
0.076928
-0.019098
-0.019098
-0.019098
-0.019006
-0.019006
-0.016355
0.019547
0.020904
-0.052134
-0.018636
-0.002410
0.037018
0.019003
0.050616
-0.032457
0.014350
-0.018808
-0.029954
-0.016443
0.028771
-0.018558
-0.019965
-0.038611
0.018282
0.016077
-0.008221
-0.021791
0.016605
-0.015766
-0.017614
0.020645
-0.018558
0.016986
-0.054645
-0.018215
-0.022181
-0.031533
-0.012926
-0.012926
-0.038779
0.001524
-0.015766
-0.015766
-0.018821
-0.018821
-0.031300
-0.001967
-0.018236
-0.037891
-0.018236
0.017228
0.016609
-0.018215
0.017098
-0.017809
0.018112
0.018112
-0.013301
0.016605
-0.018945
-0.013301
-0.018382
-0.013301
0.020645
0.019310
-0.010984
0.015254
0.053406
0.016614
0.041290
-0.012926
0.016609
0.016609
0.036564
0.017098
0.037692
-0.018092
-0.002122
-0.021617
-0.017809
-0.048949
-0.017809
0.030509
0.034778
-10000000.000000
-10000000.000000
0.064086
-0.001855
-10000000.000000
0.030544
0.101628
0.051305
-0.022915
-0.018576
0.017068
-0.018558
0.034136
-0.025185
-0.026626
-0.015766
-0.018382
-0.010339
-0.009446
-0.020192
0.006135
-0.013301
-0.033184
-0.003134
-0.013301
0.032228
-0.083381
-0.035413
0.011558
0.024029
0.017802
0.029872
-0.018382
0.076285
0.016986
0.019547
0.018257
-0.043634
-0.028461
0.016466
-0.008221
-0.008221
0.016077
0.019198
-0.016355
-0.048130
0.044106
0.016986
0.004424
0.016986
-0.028292
-0.017809
0.037818
-0.026602
0.017769
0.020642
-0.020963
0.074705
-0.018576
-0.019416
-0.002597
-0.020525
0.016605
-0.016951
-0.016355
0.037990
-0.032779
-0.074695
-0.018215
-0.019691
-0.016951
-0.020387
0.018257
0.017769
-0.015766
-0.020525
-0.020525
0.030509
0.019243
0.015254
0.035651
-0.019750
0.015254
0.040872
-0.003873
-0.017463
-0.017809
-0.018636
0.011111
0.017769
0.029372
0.000335
-0.019690
0.014983
0.001717
0.038352
-0.019098
-0.015536
-0.024052
0.017769
-0.019840
-0.018576
-0.028414
-0.017614
-0.019621
0.025246
0.016077
0.017068
0.061566
0.017228
-0.016355
-0.019922
-0.060275
0.018282
0.002014
0.022216
0.002014
-0.018382
-0.019922
-0.016355
0.017009
0.017098
-0.015766
0.018904
-0.035372
-0.035372
0.016614
-0.021007
0.015254
0.016609
-10000000.000000
0.028191
0.017228
0.016609
0.033217
0.018257
0.016609
0.018257
0.018257
0.018257
0.036513
-0.012926
-0.019098
-0.018558
0.030541
0.016605
0.015254
-0.006980
-0.019965
-0.019965
-0.000418
0.037811
-0.013301
-0.047274
-0.015766
0.020947
-0.013301
0.019603
0.019603
0.019728
0.019603
0.019603
0.017330
0.032717
-0.018215
-0.017774
0.030140
-0.012926
0.047463
-0.000579
-0.018215
-0.020486
-0.038011
-0.018558
0.017802
-0.019098
-0.016355
-0.019750
-0.031533
-0.120692
-0.030957
0.016466
-0.017614
0.017009
0.017802
0.017802
0.017769
-0.020963
-0.008221
-0.008221
-0.008221
-0.019840
-0.019098
-0.095488
-0.019098
-0.019098
0.032931
-0.025873
0.016466
-0.022616
-0.013301
-0.018576
-0.018576
-0.020060
-0.045527
-0.019006
-0.017291
-0.019922
-0.008221
0.031408
-0.013301
-0.024321
0.097152
-0.019416
0.009499
-0.020060
0.019603
0.016605
-0.018215
-0.018558
0.034195
-0.012550
-0.004483
-0.018382
0.018257
-0.003227
0.033956
0.019310
-0.017614
-0.031551
-0.038195
-0.019098
0.036513
0.003294
-0.037271
-0.019840
-0.008221
-0.020060
0.016466
0.020645
0.020625
0.017769
0.017009
0.017769
-0.020963
0.056976
0.038783
0.018112
-0.018945
-0.039356
-0.019750
-0.015212
-0.013301
0.004076
0.019374
-0.029116
-0.000396
-0.015766
-0.008221
0.009260
0.035490
0.019003
0.017769
0.033245
0.017802
-0.013301
0.034414
0.043804
-0.039679
-0.019840
-0.019840
0.020582
0.017802
0.019003
0.019547
-0.016443
0.016986
0.063397
-0.017596
-0.025185
-0.020173
0.018257
-0.017596
-0.018576
0.017098
0.018282
0.017769
-0.018382
-0.040210
-0.020192
-0.017614
0.017228
-0.016355
0.021521
-0.038540
0.056009
0.018081
0.018588
-0.019416
-0.019006
-0.010007
-0.050403
-0.016951
0.015254
-0.019965
0.016986
-0.018576
0.002001
-0.029707
-0.051567
0.000082
-0.039183
-0.019098
0.019603
0.018282
-0.020060
-0.018498
-0.015165
0.018253
-0.008221
-0.016443
-0.016951
-0.053431
-0.036765
-0.038266
-0.013301
0.016077
-0.018236
-0.018008
-0.018382
-0.018821
0.016077
-0.016355
0.018282
0.049826
-0.018821
-0.019750
-0.019691
-0.001471
-0.013301
-0.031538
0.037567
0.017009
0.057273
0.001488
-0.019750
0.016077
-0.039548
-0.017809
0.019603
0.019003
-0.008221
-0.008221
-0.008221
-0.008221
-0.016355
0.002309
-0.016355
0.019675
0.018904
-0.017493
0.001960
-0.018236
-0.018576
-0.008221
0.017330
0.037175
0.057739
0.047048
0.018257
0.015254
0.015254
0.036165
-0.020525
0.016077
0.018112
0.016609
0.016609
-0.019006
0.016260
0.027657
0.003923
0.025039
-0.045460
-0.007807
-0.053426
-0.046367
0.039350
-0.053426
-0.018636
-0.008221
-0.013301
-0.017809
-0.013301
-0.019840
-0.015480
0.001712
-0.017774
-0.019562
0.000818
0.016986
-0.017596
-0.017117
0.027104
0.019198
-0.022073
-0.001130
0.038908
-0.046630
0.015254
0.054364
0.016077
-0.004101
-0.027823
0.025375
0.017068
-0.013301
0.017098
0.033217
-0.012926
-0.007297
-0.018382
0.018282
-0.018247
-0.018086
-0.007297
0.033627
0.074152
-0.017774
-0.018636
-0.018636
0.017068
0.008993
-0.020060
-0.017809
-0.018945
0.018904
-0.007297
-0.020525
0.017769
0.017769
-0.017614
0.034686
-0.018382
-0.015766
-0.018576
0.000553
-0.019690
0.018904
-0.031571
0.015254
0.000076
0.015254
-0.018498
0.018112
0.015254
-0.136915
-0.017614
-0.001840
-0.032443
-0.016355
-0.019208
0.018904
0.087805
0.030995
0.085585
-0.016355
-0.030977
0.019547
-0.018215
0.012244
-0.018576
0.008037
-0.018558
0.020625
-0.019750
-0.019750
-0.016355
-0.019750
0.018282
-0.013301
0.015254
-0.008221
-0.017614
0.019310
0.018257
-0.018382
0.057217
-0.020525
0.006382
-0.050403
-0.016951
0.059114
0.019310
-0.016951
-0.033902
0.033217
-0.013301
-0.019006
0.012720
-0.016355
0.015254
-0.015766
-0.018215
-0.018215
0.018904
-0.055905
-0.018215
0.018282
0.016605
-0.018086
0.018257
-0.018945
-0.017614
0.016466
0.017009
0.017098
0.015254
0.017228
0.019675
-0.017614
0.016605
-0.019006
0.019243
-0.018558
0.003666
-0.013301
-0.029848
-0.016355
-0.008221
-0.019098
0.017228
-0.002308
-0.019416
0.017228
0.017228
0.017228
-0.000419
-0.015766
-0.021830
0.024786
-10000000.000000
-0.008221
0.017330
0.017330
0.012832
0.015254
-0.019416
-0.019416
-0.019416
-0.020060
0.057473
-0.018382
0.016259
-0.059249
-0.002198
0.038264
0.033415
0.029380
0.016614
0.020642
-0.013301
-0.016951
0.018112
0.018112
0.036223
0.017068
0.016259
-0.026024
0.023795
0.019728
0.017098
-0.018945
0.033755
-0.019922
0.018253
0.018257
0.018112
0.017802
-10000000.000000
0.050745
0.074562
0.019243
0.036505
0.031468
0.019243
-0.018636
0.090573
0.088433
0.021458
0.037763
0.017098
-0.019965
-0.001772
0.033228
0.015254
0.015254
0.016609
0.032931
-0.002595
0.019603
-0.015766
0.032429
-0.013246
0.053306
0.036790
-0.025152
0.033217
0.033217
0.033217
0.033217
0.017009
0.017009
0.017802
-0.015766
-0.013301
-0.012294
-0.018595
0.031373
0.019198
-0.018636
-0.017774
-0.013301
-0.033353
-0.043528
0.034792
-0.019006
-0.019006
-10000000.000000
0.015254
-0.079125
0.036587
0.027965
-10000000.000000
0.055560
-0.010149
0.028372
0.085029
0.034632
0.019728
-0.064912
-0.042476
-0.025185
-0.018558
0.058205
0.037240
-0.080123
-0.037546
0.076185
-0.019416
-0.025185
-0.018215
-0.015766
-0.036805
0.046106
0.026546
-0.016443
-0.019965
0.015254
0.000310
0.016077
0.017631
-0.017986
-0.013301
-0.014536
-0.020060
-0.020387
-0.050668
-0.020387
-0.020387
0.018588
-0.018636
-0.026602
-0.018236
0.018282
0.019675
0.049395
0.073444
0.058145
-0.020387
-0.008221
-0.038011
0.018282
0.033210
0.002415
-0.018498
0.016077
-0.013155
-0.009129
-0.019840
-0.018558
-0.020060
0.018904
0.016609
-0.008221
-0.012926
-0.019098
-0.062701
-0.018558
-0.020963
-0.001010
-0.020387
-0.013301
-0.018558
-0.036995
0.048150
-0.016355
0.016077
0.018282
0.018282
0.018282
-0.030916
0.001332
0.045267
-0.021791
0.017009
0.001566
-0.012247
0.018282
-0.008583
-0.013301
-0.015766
-0.025853
0.017769
0.017228
0.012277
-0.020963
0.045907
0.039806
-0.013301
0.017009
0.018253
-0.017614
-0.025467
-0.017614
-0.005925
0.018904
-0.032361
0.016605
-0.008221
-0.018236
-0.018236
-0.016355
-0.017614
-0.016355
-0.038611
0.016609
-0.047299
-0.013301
0.018253
-0.019690
-0.020192
0.016614
-0.000572
-0.035518
0.008787
0.018257
-0.033732
-0.164123
-0.018236
-0.016250
0.018253
-0.012289
-0.016355
-0.012926
-0.016951
-0.018086
-0.015766
-0.050853
-0.020413
-0.016951
0.018112
-0.020747
0.029447
-0.019098
-0.016355
0.018112
0.045163
0.018253
0.054300
0.002368
-0.050371
0.016077
-0.033111
0.018904
-0.018382
0.008118
0.026706
0.020625
-0.017809
0.000652
0.034352
-0.013261
-0.030654
-0.051706
-0.002644
-0.014306
0.089786
-10000000.000000
0.018904
-0.017809
-0.018393
-0.016355
0.000524
-0.018498
0.016077
-0.009332
-0.019690
0.016466
-0.039312
-0.016951
0.016077
-0.018382
0.032154
-0.007297
0.056740
0.020283
-0.012926
-0.018558
-0.017774
-0.018215
-0.020882
-0.039253
0.019198
-0.017614
-0.018382
-0.008221
0.018112
-0.018236
-0.017809
-0.018382
0.038435
-0.008221
-0.018498
-0.031305
0.018112
0.019003
-0.057280
-0.016951
0.026358
-0.008221
-0.021007
-0.016951
-0.025265
0.005374
-0.000424
-0.018086
0.016077
-0.018576
0.020947
-0.020486
-0.012926
-0.007297
0.082721
-0.042014
-0.026056
-0.016355
0.055783
0.024008
0.009860
-0.011953
-0.017774
-0.018576
-0.017809
-0.018576
0.017330
0.013434
0.016077
0.017802
0.016259
0.088499
0.001492
-0.017774
0.016614
0.048744
0.087278
0.012527
-0.020060
-0.020060
-0.020060
-0.020060
-0.017774
0.019243
-0.017809
0.000457
0.016614
-0.053517
0.018253
-0.020831
0.016609
0.003171
0.034751
0.026033
0.059259
0.019198
0.037191
-0.018102
0.032102
0.025343
0.019547
0.028229
0.018112
0.018253
0.020947
0.000863
-0.038238
0.017068
0.016259
-0.008221
0.041968
-0.017614
-0.017809
-0.015781
0.042940
0.017009
0.020625
0.019198
0.031645
0.017769
0.018257
0.019547
0.075412
0.038256
-0.003239
-0.019840
-0.025941
-0.019922
-0.016355
0.016986
0.016986
0.016986
-0.020486
0.018588
0.018257
0.018904
-0.017774
0.019310
-0.018215
0.018588
0.018112
0.025971
0.016609
0.020645
-0.017774
0.019547
0.047350
0.027777
0.039756
-0.075321
0.000076
0.039771
-0.019922
0.018904
-0.002087
0.016259
0.017228
0.012275
0.069984
0.087817
0.037115
-0.017614
-0.013934
-0.066472
-0.006036
-0.013301
0.008305
-0.019690
0.000140
0.017228
0.018257
0.032931
0.017802
-0.008221
-0.018236
-0.016355
-0.007778
-0.018382
-0.016355
-0.036472
-0.016355
0.018282
-0.035227
-0.017614
0.019310
0.050504
-0.005620
0.016605
0.018904
0.016605
-0.018382
0.026524
-0.042475
0.027683
0.030894
0.008305
-0.013301
0.019728
-0.015365
0.000070
-0.013578
-0.001156
-0.013301
-0.083580
-0.017809
-0.018382
-0.009452
-0.019840
-0.019840
-0.041081
0.059482
0.034189
0.016466
0.032931
0.033217
0.016609
0.033217
0.016614
0.016609
0.016609
0.020947
-0.018498
-0.018945
0.016609
-0.018945
0.016609
0.016609
-0.038206
0.063543
-0.002190
-0.030915
-0.004126
0.006965
0.046895
0.018253
-0.003388
-0.022103
0.038863
0.069209
0.083026
0.018904
0.020582
0.016605
0.078902
-0.008221
-0.019690
-0.004647
-0.035428
0.029998
-0.047191
0.038336
-0.020060
-0.039778
-0.018215
-0.019690
0.016259
-0.032713
-0.002299
0.069929
0.036294
0.006661
-0.017782
-0.019840
-0.043612
-0.017614
-0.016355
0.048273
0.004236
0.009250
-0.042212
0.002917
-0.017945
-0.034085
0.004139
-0.026903
0.016102
-0.017596
-0.017596
-0.018215
0.012034
-0.048869
0.010056
-0.017596
0.014887
-0.019840
-0.011695
0.027630
-0.022876
0.017068
0.079691
0.017068
0.017068
0.017068
0.019603
0.016529
-0.055374
0.018282
-0.001678
0.017802
0.048284
0.013412
-0.002985
0.018257
0.013676
-0.009094
0.025981
-0.018382
-0.068002
-0.016355
0.059142
0.018904
-0.074780
-0.041925
0.017320
-0.016355
-0.015363
0.037364
0.000377
0.017098
-0.019840
0.017802
0.016077
-0.018236
-0.018498
-0.017614
-0.083551
0.016077
0.027512
-0.018576
-0.055727
-0.008221
-0.008221
-0.008221
-0.050599
-0.018382
-0.038416
0.016077
-0.020747
-0.020747
0.015254
0.019603
0.029944
0.019603
0.017009
-0.012926
-0.020060
-0.020060
-0.000460
0.017228
0.018588
-0.019296
-0.001429
-0.021007
0.011378
-0.016028
0.000556
0.001768
0.027669
0.008305
0.018588
0.013157
-0.026453
-0.018636
-0.019452
-0.016355
-0.008221
0.017802
-0.018382
0.017802
-0.007297
-0.020387
-0.019963
-0.003503
-0.013301
-0.002863
0.019243
0.001585
-0.017596
0.018257
0.015254
0.035071
0.039350
0.017009
0.018253
-0.019006
-0.013301
-0.032886
-0.024664
0.017228
0.017228
-0.001027
-0.040992
-0.037464
-0.000651
0.057186
0.043722
0.017077
-0.004614
0.057331
-0.018821
-0.013301
-0.016355
0.020283
0.018257
-0.013301
-0.013301
-0.013301
-0.026602
-0.012926
-0.018382
-0.038886
-0.013301
-0.051449
0.016986
-0.029744
-0.019690
-0.018382
0.019198
0.019198
-0.048279
0.017228
0.016609
-0.024281
-0.067716
0.016466
0.034826
0.033124
-0.001380
-0.016355
0.019310
0.017068
0.016986
0.016986
-0.098322
0.007757
0.037552
0.018257
-0.038210
-0.018945
-0.018382
0.071734
-0.042805
0.018588
-0.020747
-0.018498
0.020904
0.039182
0.011866
0.074141
-0.083868
-0.037394
0.025140
0.018904
0.071856
0.016466
0.020904
-0.025185
0.027210
0.019243
0.018112
0.018112
-0.038922
0.049716
-0.001269
-0.085612
0.015254
0.038155
0.015217
0.033965
0.017330
-0.012926
-0.012926
0.018282
0.018282
0.017098
-0.031533
-0.010806
-0.037506
-0.003134
-0.019691
-0.145720
-0.019416
-0.017614
-0.008234
-0.019416
0.034456
0.018253
-0.031172
0.083514
0.038979
-0.006955
-0.017774
0.018608
0.061137
0.029078
-0.038771
0.018904
0.020947
0.016605
0.034140
-0.018382
-0.019691
-0.018576
-0.020060
-0.020060
-0.019750
-0.038831
0.019003
0.018904
0.018253
0.028617
0.020283
0.009581
0.020135
0.020904
0.016259
0.000226
0.002589
-0.002594
0.017068
-0.016355
-0.016355
0.017068
0.035769
-0.016355
-0.017596
0.016609
-0.026602
-0.018215
-0.027801
0.016259
-0.019523
0.016614
-0.020882
0.016614
-0.020525
0.019547
-0.019965
0.018112
0.018112
-0.018382
-0.019965
0.035644
0.028734
-0.013301
0.025521
0.015254
-0.005810
-0.006876
0.035913
-0.013301
-0.013714
-0.036013
0.001162
-0.004351
-0.049881
0.018588
-0.039075
-0.013301
0.014528
0.017009
0.000922
-0.012926
-0.000105
-0.016355
-0.019690
-0.019691
-0.019691
-0.013301
-0.006339
-0.022510
-0.040949
-0.017774
-0.010571
-0.021758
0.019603
-0.018236
-0.027807
-0.038244
-0.017809
-0.000254
-0.033873
0.016466
-0.018086
0.017098
0.018112
-0.020525
0.018282
-0.018945
0.091460
0.018112
-0.018576
0.016077
-0.020192
0.020283
-0.014887
-0.096237
0.015254
0.020283
0.017802
0.012032
-0.019840
0.018282
0.017068
-0.018945
-0.018945
-0.018945
-0.019840
-0.019690
-0.018576
0.018112
-0.008221
0.016986
0.028278
0.047735
0.029003
0.016986
-0.059323
0.018112
-0.018382
-0.057103
-0.017340
-0.047149
-0.019690
0.019243
-0.019965
-0.019965
-0.039903
-0.016355
-0.008221
-0.015766
-0.094196
-0.117890
-0.104516
-0.006515
-0.013301
0.019198
-0.017596
-0.048991
-0.058250
-0.065683
-0.019006
-0.039245
-0.018497
-0.019750
-0.030115
0.019603
0.039206
0.017330
-0.017596
-0.017596
-0.088040
-0.038831
-0.019416
-0.037271
-0.020525
0.041097
0.083070
0.016614
0.016614
0.081708
0.030185
0.059516
-0.019416
0.017098
0.056139
0.034603
-0.080594
-0.020525
-0.003503
-0.035191
0.016259
0.019003
-0.068806
-0.011474
-0.013236
-0.029726
-0.018215
0.000000
-0.047299
-0.055905
0.016605
0.017802
0.016986
-0.002979
0.016986
0.098893
0.019198
0.043989
0.018253
-0.021891
0.016986
0.020206
-0.020525
-0.017614
0.032360
0.017802
0.019198
0.019603
-0.019523
-0.047116
0.019974
-0.018636
-0.020060
-0.017614
0.056765
0.056124
0.030900
-0.018215
0.038794
0.016223
-0.038643
-0.039844
-0.073540
-0.018498
-0.008221
-0.019965
0.018112
-0.020060
0.029260
-0.020060
-0.018945
0.017228
-0.019690
-0.012879
-0.004202
-0.018086
-0.021007
0.015254
-0.018576
-0.017774
0.018904
0.016614
0.018904
0.048359
0.040571
0.016614
0.043830
0.048365
0.020625
0.020625
0.026827
0.033141
0.016605
-0.012926
0.016259
-0.019965
-0.016951
0.012526
0.033933
0.016609
0.028082
0.044743
-0.013301
0.019603
0.018257
-0.019416
-0.019523
-0.013301
0.018904
0.000233
-0.018576
0.016614
-0.005636
-0.019416
0.064734
-0.018576
-0.049065
-0.032473
-0.020192
-0.040385
-0.040385
-0.020192
-0.040385
0.018282
-0.018558
0.017330
0.037768
-0.037024
-0.008221
-0.019006
-0.054179
0.034456
-0.018382
-0.036229
-0.008221
-0.030600
0.033345
-0.016951
0.017098
0.017009
-0.031533
-0.013301
-0.019006
0.029783
-0.004798
-0.018821
-0.016355
0.018282
0.017802
-0.018576
-0.012926
0.023585
0.037303
0.019384
-0.026602
-0.019006
0.016077
0.000977
-0.017774
-0.017809
-0.015766
-0.017774
0.031793
-0.039252
0.017098
-0.019098
0.016609
-0.045576
-0.016355
-0.017809
-0.021791
-0.016355
-0.019416
0.017098
0.017098
0.018282
-0.016951
0.069620
0.088376
0.035607
0.031160
0.016614
0.057501
0.011737
0.017330
0.032121
-0.015766
0.016605
0.018588
-0.018558
0.018904
0.000688
0.003101
0.018588
0.002570
-0.031337
-0.020525
-0.016951
-0.019523
0.018904
0.053450
0.017769
-0.018086
0.018112
-0.021791
-0.037151
-0.019965
-0.017596
-0.018821
0.053871
0.052952
0.067349
-0.020192
-0.018382
0.018282
-0.018382
-0.050945
0.057391
-0.039959
0.019728
-0.019750
-0.017614
0.003100
-0.019840
-0.044473
-0.016355
-0.012926
-0.016355
-0.020060
-0.017774
-0.017774
-0.007297
-0.020387
-0.020387
0.000360
0.020625
0.018112
-0.019840
-0.020192
-0.013281
0.018112
-0.002797
0.016259
-0.026024
-0.030450
-0.013989
0.064440
0.000866
-0.000284
-0.000979
0.048163
0.015254
-0.123702
-0.027335
0.030460
-0.018576
-0.018576
-0.013301
-0.018086
0.015254
0.002014
-0.032621
0.005921
0.000611
-0.000846
0.018904
-0.007297
0.000735
-0.003106
0.018112
-0.018498
-0.023265
-0.020387
0.001091
-0.080400
-0.038779
-0.064632
-0.012926
-0.012926
-0.072638
0.018588
-0.030580
-0.018576
-0.018576
-0.064024
-0.038831
-0.019416
-0.020486
-0.018945
-0.020060
-0.036430
-0.018215
-0.018215
-0.013301
0.019603
-0.020387
-0.020387
0.016609
-0.012926
-0.025853
-0.002168
0.019198
-0.049399
-0.017774
-0.013301
-0.153928
0.015863
0.015254
-0.019965
-0.003529
0.016677
0.017098
0.037597
0.018112
0.016065
0.016609
0.035922
-0.018215
0.078753
-0.038735
-0.008221
0.015254
-0.057846
-0.019098
-0.007297
-0.016355
-0.027807
-0.018576
0.017802
0.019243
0.045981
-0.029095
-0.015766
0.008509
0.016259
0.016259
0.016605
0.017769
0.015254
0.018588
-0.019416
0.017098
0.046193
-0.020525
0.016986
-0.019840
0.017330
-0.017596
0.018588
-0.020963
-0.020963
-0.007689
0.014551
-0.020525
-0.015766
0.018588
-0.019523
-0.063818
-0.039253
-0.059958
0.017068
-0.018636
-0.018236
0.017802
0.010406
0.015254
0.012866
-0.040000
-0.002571
0.015254
-10000000.000000
0.047603
0.058754
0.029665
-0.020486
-0.026305
0.017098
0.017068
0.019198
-0.021791
-0.021791
-0.007297
0.016614
-0.019523
0.054804
-0.048247
0.000927
0.032452
0.028056
0.016614
0.015254
0.015254
0.019310
0.023097
0.011953
0.027345
0.078287
-0.006157
0.029759
-0.013301
-0.013301
-0.012926
-0.012926
-0.012926
-0.063544
0.000438
-0.029648
-0.013301
-0.058061
0.016986
-0.020525
-0.018821
-0.018821
-0.018821
-0.018236
0.019603
-0.019416
-0.018821
-0.032575
0.019310
-0.019840
-0.033902
-0.016951
-0.019840
-0.019840
-0.008221
-0.019098
-0.008221
-0.008221
-0.017774
-0.048900
-0.017774
-0.020525
-0.017774
-0.008221
-0.018636
0.019728
-0.013301
-0.015766
0.002451
0.030616
-0.017774
0.000893
0.033434
-0.019098
-0.020192
-0.002276
-0.027316
0.016986
-0.017614
-0.000319
-0.007297
-0.017614
-0.018382
0.015254
-0.035227
-0.001358
-0.029767
-0.018945
0.016077
0.055586
0.017009
-0.020525
0.017228
0.033786
-0.029790
-0.020387
0.019003
-0.018576
0.000971
-0.030575
-0.018236
-0.018236
-0.017809
0.083355
-0.020192
-0.017809
0.002587
0.017330
0.016077
-0.003696
-0.016355
-0.031533
-0.018215
-0.018215
-0.016443
-0.018498
-0.018382
-0.039095
0.015088
0.017098
-0.015766
0.012869
0.001600
-0.011295
-0.008770
0.029758
-0.030916
-0.049797
-0.050108
0.017068
-0.022875
-0.037238
-0.016951
-0.020060
0.019003
0.018282
-0.019922
0.047109
-0.019925
-0.020963
0.034456
0.018112
0.036242
0.011847
0.032274
-0.031710
0.026183
0.043864
-0.012904
0.009436
0.001600
0.024375
0.017693
0.051293
0.017098
0.066421
0.016077
0.016609
-0.018498
-0.016754
0.046975
-0.016355
-0.018236
-0.033902
-0.017809
-0.020192
-0.013301
0.018253
-0.018983
-0.017614
-0.018382
-0.025078
0.027292
0.019131
-0.004908
-0.019922
-0.008221
-0.034781
-0.005714
-0.015462
-0.048152
-0.029753
-0.019691
-0.014391
-0.038817
0.050319
-0.021606
0.025895
-0.015455
-0.029166
-0.019840
-0.034006
-0.056057
0.039303
0.040911
-0.039500
0.016609
-0.030034
-0.022079
-0.035710
-0.019840
-0.005441
-0.038815
-0.037009
-0.018236
-0.018236
0.040297
0.048444
0.027592
0.032647
0.019547
0.028944
-0.046720
-0.037117
-0.019006
0.019243
0.018588
-0.016355
-0.020387
0.020582
-0.019006
-0.019006
-0.019006
0.016986
-0.018236
-0.036536
-0.007557
0.019198
-0.012108
0.061921
0.019198
-0.018086
0.018253
-0.023400
-0.019523
-0.015766
-0.019840
0.020645
0.041290
0.019310
-0.016951
-0.001261
-0.017809
-0.018558
0.016077
0.016609
-0.018576
-0.018382
-0.008221
-0.019523
0.018253
-0.037891
-0.002977
0.016609
0.019547
-0.003966
-0.018945
-0.019006
-0.038998
-0.020747
0.016609
-0.018945
0.012593
0.017009
-0.000352
0.035090
-0.011197
-0.013301
-0.017614
-0.046638
-0.015766
-0.019690
-0.018576
-0.018382
-0.013301
-0.013301
-0.013301
-0.013301
0.077614
0.054466
0.030041
0.018588
-0.018382
0.035574
0.018904
-0.020525
0.016614
-10000000.000000
0.049798
0.016259
0.016986
0.018112
-0.016951
0.019603
0.043591
-0.019690
0.075300
0.018253
-0.012926
-0.017614
0.033210
-0.017614
0.020184
-0.019371
-0.018821
0.036461
-0.019416
0.084431
-0.018917
-0.031474
0.019547
-0.000580
0.028229
-0.053203
-0.093106
0.018052
0.052040
-0.033201
0.028543
0.012537
-0.019098
-0.018236
-0.007853
-0.018215
-0.031162
-0.001493
-0.018382
-0.003001
0.004234
0.002782
0.051293
0.040918
0.018253
-0.005620
0.021160
0.040442
0.061241
-0.000779
-10000000.000000
0.016986
0.022706
0.024081
0.004654
-0.018382
-0.005203
0.017009
0.116679
0.025180
0.029268
-0.019750
-0.018215
0.016986
-0.013691
-0.017774
-0.044917
0.020582
-0.020192
-0.013301
-0.018086
-0.017614
-0.013301
-0.019750
0.030967
-0.013301
0.016986
-0.017614
-0.019840
0.099590
0.026899
0.038861
0.054918
-0.017614
-0.030827
0.019243
0.018257
-0.000413
-0.042014
-0.017774
-0.018215
0.020645
-0.053527
-0.008221
-0.017305
0.013285
-0.017614
-0.019691
0.017098
-0.032717
-0.019690
-0.006765
-0.015766
0.016077
-0.012926
-0.017614
-0.008221
0.003100
-0.016363
0.029872
0.008101
-0.035352
-0.035352
-0.036640
-0.012926
-0.019416
-0.026422
-0.053852
-0.008113
-0.007297
-0.013301
-0.006798
0.016077
0.020904
0.030012
-0.001493
-0.013301
-0.013301
-0.016951
-0.017614
-0.018236
-0.019416
0.051293
-0.038611
-0.019690
0.019243
0.029685
0.075521
0.063911
-10000000.000000
-0.047020
0.017802
0.018904
-0.037891
0.018257
0.016986
0.039420
0.028485
0.020642
-0.018576
0.018282
0.018282
0.037179
0.031147
0.017009
0.017009
-0.004614
0.054846
0.014155
0.018904
-0.017614
-0.019639
-0.037666
-0.017614
-0.018993
0.018282
0.019728
0.016986
0.019728
0.019728
-0.017774
-0.018382
-0.018576
-0.018576
-0.018945
-0.019750
-0.078999
-0.018382
-0.004404
0.018588
-0.017614
0.037689
0.033007
-0.017809
-0.039380
0.016503
-0.013301
-0.013301
0.019675
0.019310
-0.005354
-0.028264
0.019310
-0.025185
-0.018086
-0.044864
-0.017774
-0.023762
-0.018498
-0.017809
-0.007297
0.027843
0.016466
-0.019690
-0.019690
-0.019690
-0.002207
0.015254
-0.003144
-0.020486
-0.008221
-0.025814
0.016259
0.017802
-0.018498
-0.018498
-0.019774
-0.128636
-0.046135
-0.002644
-0.045095
-0.000846
-0.023356
-0.040862
-0.019965
-0.019690
-0.019690
-0.008221
-0.105128
-0.045821
-0.003293
-0.011502
-0.019523
-0.013301
-0.013301
-0.019690
-0.000664
-0.001056
0.013251
-0.017809
0.017330
0.035780
0.016614
0.035517
0.017802
0.012419
0.038359
-0.013301
0.020206
-0.001087
0.019003
0.016609
0.069130
-0.018236
-0.012926
-0.002508
0.017068
0.000796
0.015254
-0.017774
-0.018086
-0.033234
-0.001613
0.033665
0.005401
0.054889
-0.035192
0.058354
-0.029097
-0.025467
-0.033680
0.018112
-0.028127
0.031013
-0.016951
-0.018382
-0.017614
-0.018382
0.019603
-0.018382
0.019198
-0.012926
-0.013861
0.000309
0.017330
0.017068
-0.020060
-0.003134
0.030796
0.019547
0.016077
0.017723
0.018112
0.018257
-0.019006
0.020447
-0.019604
0.017228
0.015254
-0.016951
0.017228
0.018282
-0.019006
-0.013301
-0.036076
-0.018382
0.000319
-0.015766
0.034136
0.092808
0.018904
-0.018382
0.053212
0.029615
0.017098
-0.019840
-0.018236
-0.017614
-0.019965
-0.027836
0.020947
0.028046
-0.045867
-0.030026
-0.012926
-0.025095
-0.018821
-0.016951
-0.016951
-0.067804
-0.018382
-0.026602
0.057239
-0.001080
-0.007512
0.017009
0.010881
0.003182
0.017228
-0.013301
0.018112
0.037565
-0.053785
-0.036834
0.047392
-0.017774
-0.019416
-0.031622
-0.053067
-0.018558
-0.037117
-0.018558
0.019310
0.019243
0.043323
-0.012926
0.016614
0.016259
-0.016947
0.017769
-0.016355
-0.016355
0.017068
0.017098
-0.017614
-0.013301
0.019675
-0.013301
0.017802
-0.020963
-0.001627
0.030954
0.037175
0.079420
0.006645
0.017228
-0.000263
-0.018382
0.003920
-0.018123
0.015254
0.027828
0.015254
0.020645
-0.044350
-0.020387
0.062742
0.020051
0.019728
0.015254
0.027160
0.015254
0.016614
-0.017774
0.015254
0.015254
0.015254
0.020904
0.069827
0.029582
0.017009
0.017009
-0.020525
-0.017267
0.016605
0.016605
0.028570
0.018253
0.016609
-0.017614
0.016259
-0.005177
-0.045260
-0.018215
-0.024154
0.016259
-0.013301
-0.001714
-0.000006
-0.012926
-0.019965
-0.015766
0.038620
-0.013301
-0.020387
0.030589
-0.020486
-0.020486
-0.052388
-0.066727
0.017009
-0.017614
0.020371
0.033210
-0.000274
-0.020387
-0.014289
-0.017614
-0.018236
-0.018236
-0.018236
0.016614
0.048146
-0.013301
-0.019523
-0.019098
0.018112
-0.015766
-0.017774
-0.016951
-0.019750
-0.019214
-0.014582
0.013503
0.041893
-0.001691
-0.036834
0.041893
-0.008221
0.017228
0.017228
-0.058247
-0.039655
-0.020387
0.018257
0.046019
-0.017614
-0.008221
-0.020387
-0.033597
0.076927
0.066449
0.103880
0.066640
0.020793
0.037784
-0.015766
0.038324
-0.018558
-0.018945
-0.031004
0.015831
-0.002659
-0.002176
-0.019840
0.018904
0.017769
0.000049
-0.002878
0.015254
-0.013301
0.018588
0.016605
0.016605
0.007662
0.008062
-0.002990
0.054048
-0.065772
-0.049329
-0.017614
-0.006611
-0.053022
0.002960
0.017802
0.017098
-0.057763
-0.039548
-0.027040
0.017098
-0.004713
-0.090434
0.020904
-0.049480
-0.032053
-0.019840
0.020904
-0.048576
0.017330
-0.018576
-0.018382
-0.007297
0.033659
0.018112
-0.008221
-0.008221
-0.027827
0.018588
0.016259
-0.013107
0.018282
0.019003
-0.020387
-0.000431
0.012248
0.017098
-0.019965
-0.017614
-0.017774
0.007447
-0.094409
-0.025265
-0.018576
0.007061
-0.018576
0.017769
0.014244
-0.019523
-0.016355
-0.019840
0.007622
-0.103526
-0.008221
-0.012014
-0.050242
-0.024664
-0.008221
-0.008221
-0.020963
0.017802
-0.017614
0.054770
-0.015766
-0.032710
-0.013301
-0.019006
-0.028100
-0.008221
0.019675
-0.070833
0.017068
0.019038
-0.039679
-0.036216
0.018904
0.016077
-0.001508
-0.019006
-0.020060
-0.018945
-0.013301
0.033972
-0.018382
-0.017774
-0.019098
-0.012926
-0.025853
-0.017614
-0.001977
-0.001913
0.030947
-0.048495
-0.018821
-0.008221
-0.017614
0.016986
0.000284
0.026483
-0.013301
0.039733
0.064691
0.017009
0.017009
0.017330
0.017098
-0.004322
0.006865
-0.020486
-0.018821
-0.018821
0.020642
0.018129
0.020642
-0.017809
-0.017809
-0.023890
-0.042393
0.017330
-0.025185
0.019603
0.019547
0.016614
-0.020387
-0.020387
0.041307
-0.038064
0.016077
-0.020387
-0.022146
0.083559
-0.015135
-0.004811
-0.015332
0.018253
0.017228
0.016609
-0.005802
0.007836
0.036594
-0.026143
-0.020882
0.015254
-0.020525
-0.020525
-0.020525
-0.020525
-0.020525
-0.020525
-0.020525
-0.020525
-0.020525
-0.020525
-0.019840
0.000803
-0.040832
0.044271
-0.079027
-0.040972
-0.019922
0.016466
-0.013583
-0.053323
0.071015
0.028088
0.019306
0.016986
0.000296
0.018588
-0.018236
-0.002796
-0.036472
-0.036995
0.018588
-0.015766
-0.018236
-0.018382
0.016605
0.016605
0.057855
0.060801
0.009863
-0.007013
0.000512
-0.019254
0.018588
-0.029947
-0.088410
0.032260
0.030787
0.035208
-0.008221
-0.037815
0.016124
0.019547
0.037565
-0.047538
-0.012926
-0.014555
-0.018382
-0.018576
0.015254
-0.017614
-0.016443
0.039247
0.019003
-0.018945
0.031468
0.018253
-0.015766
-0.015766
-0.105574
-0.018576
-0.017596
-0.017596
0.037426
-0.002253
-0.017614
0.109716
0.029371
0.047761
0.018282
-0.080770
-0.017596
-0.037151
-0.018215
0.048462
0.019547
-0.019293
-0.038831
-0.020525
-0.005619
-0.020525
-0.018498
0.034195
0.017098
-0.018382
0.016986
0.016986
0.017769
0.017802
0.018112
0.031761
-0.008221
-0.008221
0.015254
0.016986
0.030509
-0.016355
-0.018945
0.067492
-0.001612
0.017068
0.017068
0.017068
0.018588
-0.018382
0.018253
-0.019965
-0.017614
0.020283
-0.001693
-0.008221
0.016077
0.020625
0.020625
-0.020486
-0.017809
-0.017809
0.018257
-0.017809
-0.017614
-0.036172
0.078946
0.018257
-0.012926
-0.019840
0.020206
0.056939
-0.001828
-0.078224
0.030454
-0.004999
0.041893
-0.018821
-0.020525
-0.018100
0.017098
-0.037546
-0.025185
-0.019416
-0.017614
-0.001221
0.030117
0.017098
0.018112
-0.019965
-0.018086
-0.018086
-0.018086
-0.036172
0.016614
-0.001982
-0.026356
-0.018821
0.018994
0.080157
0.026205
-0.030861
-0.015766
-0.017614
-0.013692
0.018112
0.018112
-0.000376
0.017330
-0.031481
0.030160
-0.011188
-0.014122
-0.019098
-0.016355
-0.017614
0.015254
0.017769
0.018257
0.017802
0.044005
0.017009
-0.008221
0.012682
-0.013301
-0.003512
0.018904
0.017330
0.036505
0.034195
-0.128577
0.033317
-0.099846
-0.033322
-0.013361
-0.017614
-0.018086
-0.016355
-0.044537
0.032880
0.036513
0.028485
0.052984
0.018112
-0.018236
-0.082585
-0.047562
-0.017774
-0.019965
-0.018215
-0.020963
