-0.000000
0.247835
-1.388682
-1.828214
-2.733698
0.551351
-0.284899
0.354457
1.859345
-0.235529
-1.166880
-1.132530
0.119356
-0.241586
-0.205263
2.075174
-0.262988
-0.322234
0.065539
-0.205263
-0.205263
-0.568753
0.763307
-0.363662
0.490531
-0.340403
-1.527850
-1.123332
-0.496240
-0.993203
-0.410525
0.484662
0.940799
-0.205263
-2.417711
0.120921
-0.954846
-0.205263
-0.209079
-0.205263
-1.044363
2.267759
-0.205263
-0.044307
-0.205263
-1.038257
-0.410525
-2.317153
-0.809972
1.471603
1.114405
-0.593810
-0.522181
-0.205263
0.501105
0.530654
-2.751514
-0.473693
-0.205263
-0.278903
-0.405094
-1.828108
-0.446843
-1.609900
-1.928214
-0.577597
0.794713
-0.443072
-1.230479
0.089218
-0.377950
-0.787130
0.132725
-0.410525
0.142434
1.066731
-2.994341
0.277184
-0.754502
-0.615788
-1.231576
-0.253184
-0.000000
-0.821050
-0.205263
-0.205263
-0.205263
-0.367611
-0.615788
0.145176
-0.720397
-1.630499
-0.712246
0.715248
-1.067299
0.532338
0.502593
-0.427801
0.066928
-0.205263
0.468952
-0.283566
-0.205263
-0.205263
-0.428091
0.332625
-0.205263
-0.205263
-0.049997
-0.205263
-0.787290
-0.205263
1.164988
-1.731697
-0.253184
-0.161747
-0.205263
-1.680816
-0.880272
-0.201153
-0.205263
-0.205263
-0.205263
-0.205263
-0.536600
-0.513963
-0.205263
-0.205263
-0.712246
0.141783
-0.000000
-0.202039
0.047471
-0.130050
-0.205263
0.689014
0.893154
-0.657105
-0.042799
0.022454
0.141783
-0.205263
0.813637
0.171708
-0.789182
-0.539232
-0.205263
0.022154
1.278246
-0.786953
0.284141
-0.205263
0.354457
-0.570946
-1.609628
-0.967171
0.202441
-0.283566
-0.369473
-0.463682
-0.032198
0.263026
-0.584854
-0.226085
0.698818
-1.315391
1.622522
-0.059678
0.888282
-0.738945
-0.192927
-1.507637
1.124125
-0.599718
0.444538
-0.062823
-0.155713
-0.184736
-2.113228
0.098221
-0.093474
1.266023
-0.855832
0.091529
1.404038
-1.178928
-1.032250
-0.369473
-0.184736
-0.184736
0.600919
0.108560
-0.044304
-1.425889
-0.184736
-0.369473
0.239259
-0.369909
-0.334906
-0.470537
1.293107
-0.615237
-0.957035
0.537101
-0.118361
0.722473
-0.425349
-0.184736
-0.184736
0.429247
-0.184736
0.421082
0.656457
0.068360
0.122649
-0.000000
-0.184736
-0.228086
-0.283470
-0.014501
0.542382
0.238806
-0.184736
-0.278142
-0.184736
0.097209
-2.060628
0.170024
-0.184736
-1.181581
0.500452
-0.184736
2.261081
-0.184736
-0.184736
-0.184736
-1.698437
-0.170818
-0.019938
0.139568
-0.410116
-0.184736
0.033036
-0.184736
-0.184736
-0.059815
-0.184736
-1.295119
0.350570
-1.355207
-0.571152
-0.184736
-0.184736
-0.107753
-0.184736
-0.184736
-1.460314
0.214136
0.239259
-0.184736
-0.184736
2.270420
-0.814931
-0.184736
-0.184736
-0.184736
-0.792061
-0.531183
-0.184736
0.168196
-0.235461
-0.961948
0.121586
1.821990
-2.057387
0.495452
0.293290
-1.291237
-0.405094
0.291926
-2.925281
-0.078687
-0.263909
-0.517876
-0.842790
-0.217099
0.000364
1.367308
0.892874
-0.527818
-1.005620
0.200587
0.123053
-0.214411
-0.455646
-0.068360
-0.263909
-0.856097
0.244202
-0.434908
-0.235946
0.069690
0.227459
-0.961223
0.557882
1.108874
-0.263909
-2.627958
-0.263909
-0.314859
0.638243
1.188047
-0.495139
-0.122134
1.389253
-0.038785
3.001630
0.211746
-0.626630
-0.105169
-0.441760
1.012235
-0.202764
-0.263909
-0.350562
-0.548545
-0.263909
-0.067477
-0.020678
-0.263909
-0.689271
-1.261136
-0.287434
0.067801
-0.948001
0.559772
-0.545412
-0.455731
-0.263909
-0.263909
-0.546877
1.769183
0.170899
0.566545
-2.296320
-0.319012
-1.108418
-0.478191
-0.738945
-0.526928
-0.369473
-0.053169
-1.059282
1.473738
-0.282479
-1.151267
-3.200136
-1.914069
-1.601940
-0.369473
-0.543975
-0.369473
-0.369473
-0.369473
-0.726307
-0.369473
-0.369473
2.365719
-0.204846
-0.879183
-0.369473
-1.706635
0.089367
-0.369473
-0.000000
-0.369473
1.821829
-0.369473
-0.369473
-0.680536
-0.149727
-0.051939
-0.797529
-0.942534
-1.342752
-1.009777
0.059213
-0.307894
-0.307894
-1.283283
-1.432269
-0.484744
-0.410848
-0.892606
-0.872693
-0.614813
-0.307894
-0.307894
-0.241245
-0.307894
-1.789204
-0.477423
-0.615788
-0.923682
-0.834401
1.217853
-1.999308
-0.852398
-0.806613
-0.307894
0.575793
-0.722834
-1.455345
-0.092193
-0.307894
-0.068542
-0.307894
-0.247004
-0.531686
-2.939931
-0.208877
-0.140170
-1.860901
-0.476679
-1.407132
0.430457
-0.120838
0.472591
-0.536571
-0.307894
-0.307894
-0.307894
-0.554863
-0.865035
-0.307894
-3.082796
-0.307894
-0.472438
-1.012392
-0.578987
-0.307894
-0.531686
-0.307894
-0.307894
-1.077851
-0.527818
-0.111004
-1.671013
-1.125360
1.615903
-0.062842
-0.878880
-2.319139
-1.137297
0.042802
-0.791727
-0.341798
-0.448026
-0.673610
-2.872659
-0.791727
-0.763349
-0.626630
-0.263909
-0.631946
-0.307618
-0.517876
-0.527818
-0.376571
-0.334203
-0.263909
-0.263909
-0.405094
1.395550
1.212401
-0.263909
-0.320220
-0.263909
-1.091345
-0.387371
-0.404490
-0.263909
-0.987417
-0.263909
-0.263909
-0.780946
-2.413091
-0.317065
-0.861588
-0.405094
-0.527818
-0.435268
-0.263909
0.469382
-0.263909
-0.263909
-0.721574
-0.082860
-1.218012
-0.341798
-0.493708
-0.068360
-0.632959
-0.263909
-0.263909
0.028790
-0.263909
-0.263909
-0.405094
-0.493708
-1.248904
-0.351528
0.780337
-0.263909
-0.263909
-0.263909
-0.263909
0.074290
-0.263909
0.555673
-0.083298
-0.383643
1.095871
0.285346
1.237871
-1.028043
-1.012392
-0.051695
-0.303279
5.209503
-0.086322
-0.263909
-0.073469
-0.082860
-0.263909
-0.263909
-0.263909
-0.263909
0.070966
-0.263909
-0.263909
-0.460372
-0.676738
-0.387371
-0.263909
1.526474
0.692157
-0.263909
-0.263909
-1.000076
-0.873484
-1.632182
1.554817
0.814126
-0.821050
-0.322234
-0.615788
-0.505465
-0.531686
-0.205263
-2.270136
2.097010
-0.205263
-0.078117
0.269139
-0.864302
-0.261179
0.687761
0.362689
-1.356932
-3.472235
-0.471276
-1.569208
-0.291161
-1.385379
-0.575993
-1.047260
-0.222864
-0.924771
0.186245
1.376819
-0.017644
-0.265861
-0.205263
-0.069675
-0.410525
-0.977225
-0.916627
0.177229
-0.205263
-0.581584
-2.243684
-0.850100
0.747057
1.056067
-0.205263
-0.884564
-0.205263
-1.492450
0.013016
-0.677783
-0.516369
-0.205263
-1.020469
-1.058791
-1.250831
-0.205263
-0.354457
-1.378541
-0.205263
-0.774907
-0.246579
0.213222
-1.108099
0.232054
0.812669
-1.684252
-0.205263
-1.473785
-0.510429
-0.205263
-0.205263
-0.705374
0.093515
5.468134
1.446656
4.994886
2.394420
0.615788
1.688713
0.818875
4.520384
5.959397
1.329215
2.761264
2.194866
2.358364
1.337812
1.761087
2.144131
6.890847
0.615788
0.315382
1.628770
0.615788
0.501558
0.615788
3.349814
0.855322
0.021025
2.506471
2.771343
2.759037
0.615788
0.615788
-1.060305
-1.382383
-0.184736
-0.425349
-1.571127
-1.400193
-0.395788
0.658245
-0.779216
-1.329306
0.315921
-0.184736
-0.184736
-0.369473
-0.184736
-0.336734
-0.219940
-0.249765
-1.753045
-0.217316
1.001243
-1.074202
0.337018
-0.184736
-0.184736
-0.184736
1.815783
-0.486510
-0.546821
-0.657791
-0.348422
-0.579258
-0.706265
-0.184736
-0.336734
-0.184736
-0.184736
-1.075487
-0.184736
-0.184736
-0.304685
2.027337
-0.184736
-0.184736
-0.558270
-0.452548
-0.184736
-0.036809
-0.593630
-0.896052
-0.263909
-0.263909
-0.263909
-1.247263
-0.527818
-0.223218
-0.527818
-1.002608
-0.263909
-0.263909
-0.263909
-1.062668
-0.263909
-0.263909
-0.579614
-0.263909
-0.350562
-0.588310
-1.679008
-0.607794
1.628880
-0.527818
-0.407442
-0.775485
1.226444
-0.689271
-0.121528
-0.549308
-0.405094
-1.137297
-0.263909
-0.263909
-0.263909
-0.527818
-0.797529
-0.263909
-0.263909
-0.019817
-0.388972
-0.263909
-0.263909
-0.263909
-0.012438
0.555518
-0.619061
-0.263909
-0.263909
-1.822923
-0.263909
-0.170942
-0.441760
-0.263909
-1.007064
-1.055636
2.158775
-0.263909
-0.263909
-0.350562
0.106837
0.180465
-0.263909
1.523769
-0.527818
-1.608892
-0.263909
-0.263909
-0.263909
-0.984112
-0.600736
-0.542748
-0.263909
-0.057126
-0.263909
-0.405094
-0.263909
-0.263909
-0.493708
-0.263909
-0.263909
-0.405094
-0.686331
-0.263909
-0.358157
-0.263909
-0.263909
-0.263909
-0.263909
0.221654
-0.405094
0.123149
-0.263909
-0.263909
-0.263909
-0.263909
-0.615237
-0.303821
-0.263909
-0.263909
-0.263909
-0.263909
-0.263909
-0.865888
-0.263909
-0.263909
1.320652
-0.455731
-0.307618
-0.527818
-0.263909
-0.078411
-0.263909
-0.263909
-1.509769
-0.689271
-0.263909
-0.516953
-0.263909
-0.263909
-0.214399
-0.263909
-0.263909
-0.642939
-0.263909
-0.263909
-0.263909
-0.263909
-0.263909
-0.263909
-0.341798
-0.051152
-0.263909
-0.263909
-0.372871
-0.263909
-0.263909
-0.263909
-0.050637
-2.280812
-0.493708
-0.546877
-0.263909
-0.600391
-0.263909
-0.263909
-0.263909
-0.076183
0.358067
-0.263909
1.193213
-0.712824
-0.263909
0.694011
-0.263909
-0.263909
-0.113995
-0.263909
-0.102670
-2.378098
-0.359570
-0.263909
-0.673892
-1.291237
-0.718132
-0.372871
-0.311816
-0.791532
-0.311816
-0.263909
-0.263909
-0.263909
-0.263909
-0.263909
-0.172640
-0.263909
-0.263909
-0.268816
-0.263909
-0.263909
0.143866
-0.841202
-0.455731
-0.263909
-0.527818
-0.455731
-0.651217
-0.263909
-1.186626
-0.527818
0.983499
1.107888
-0.263909
-0.379462
-0.524208
-0.263909
-0.105169
-0.263909
0.569663
-0.263909
-0.263909
-1.415218
-0.263909
0.087105
4.246976
0.382789
-0.263909
0.046526
0.038364
-0.493708
0.846048
0.170899
-0.263909
-0.263909
-0.263909
-0.665146
-0.263909
-0.574816
1.474624
-0.246989
-0.615788
-0.797529
-0.307894
-1.105571
-1.847363
-0.986850
-0.708915
-0.615788
-0.615788
-0.671376
-0.652336
-2.506471
-0.096670
-0.083339
-0.744360
1.653765
-0.159506
-0.899592
-1.478799
-0.307894
-0.307894
-0.410848
-0.664607
-0.592773
-0.307894
0.168760
-0.307894
-0.307894
-1.081310
0.132921
-0.371081
-0.472151
-0.307894
-0.307894
-0.885066
-0.410848
-0.246171
-0.307894
-0.307894
-0.665251
-0.615788
-0.120838
-2.458455
-0.307894
1.558573
-0.902407
0.530738
1.847363
1.833460
0.717776
0.923682
0.299818
0.539403
3.949985
0.923682
0.923682
0.957035
1.649576
1.847363
0.923682
0.932467
2.119300
0.923682
4.685167
0.923682
-0.134275
4.369274
2.771816
1.633682
0.629628
-2.188651
0.714935
-0.395864
1.416939
-0.789933
-0.395864
1.960797
-0.935131
-1.319545
-0.604623
-0.244691
-0.263909
-0.131955
-0.365784
-3.083735
-0.131955
-0.243602
-0.131955
0.045573
-0.233626
-0.291161
-0.131955
-0.131955
0.604238
-0.214351
-0.313618
4.828001
-0.034041
0.718416
-0.379776
0.205079
0.205079
-0.131955
0.085450
0.049684
1.903531
1.441010
-0.131955
-0.131955
-0.131955
-0.103391
0.072443
-0.131955
-0.395864
-0.092735
-0.131955
-0.120503
-0.373854
-0.341798
-0.131955
-0.395864
-0.131955
-0.131955
-0.131955
0.152246
0.711101
-0.395864
-0.131955
0.436505
-0.131955
0.482489
-0.131955
-0.197883
-0.060764
-0.379776
-0.013008
-0.034180
-0.131955
-0.131955
-0.131955
-0.131955
-0.505465
1.098318
-0.131955
0.284832
-2.050788
0.205079
-0.131955
0.017051
-0.131955
0.284832
-0.131955
-0.131955
-0.131955
-0.171620
-0.131955
-0.034180
-0.291161
-0.131955
-0.131955
-0.647931
1.199331
-0.838959
-0.379776
-0.258938
-0.379776
-0.131955
-0.131955
2.920449
-0.000000
-0.258938
-0.827125
-0.263909
-1.291237
-1.615075
-0.193686
-0.131955
-0.131955
-1.187874
0.947304
0.128271
-0.824833
-0.737448
-0.405094
-0.131955
-0.131955
-0.022461
-0.131955
-0.131955
0.063296
-0.131955
-0.634129
-0.363440
-0.661996
-0.131955
-0.131955
-0.341798
-0.548948
-0.131955
-1.651464
-0.131955
-0.469170
0.405816
-0.131955
1.201107
0.026642
0.367037
-0.131955
-0.131955
-0.131955
-0.131955
0.524090
-0.131955
-0.386354
-2.478325
-0.263909
-0.131955
0.190130
0.284832
0.031073
-0.131955
-0.131955
-0.068953
-0.114512
0.341869
0.909651
-0.007596
0.279599
-0.131955
-0.131955
5.568343
-0.131955
-0.131955
-0.131955
-0.131955
-0.131955
-0.453978
-0.131955
-0.131955
-0.131955
-0.131955
-0.127878
-0.131955
-0.131955
-0.915905
0.046939
-0.148129
-0.303906
-0.432944
-0.962770
-0.205263
-0.821050
-1.847363
-1.156041
-0.205263
-0.205263
-0.533663
-0.322234
-0.205263
-0.205263
-0.202851
0.245477
-0.496240
-0.256982
1.530690
-0.205263
-0.467239
-0.205263
-0.205263
0.668666
-1.661486
0.094200
-0.005744
3.290745
-0.410525
-0.218269
-0.205263
-0.205263
1.088452
-0.205263
-0.205263
-0.205263
-0.205263
-0.205263
-0.443072
-0.205263
-0.082590
-1.134263
-0.275551
-0.205263
-0.394324
-0.205263
-0.205263
-0.575993
0.221536
-0.205263
0.562904
-0.205263
-0.205263
-0.205263
-0.708915
-0.205263
-0.054532
-0.205263
-0.774907
-0.404999
-0.205263
0.032166
-0.205263
-0.387624
0.007714
0.346420
0.088984
-0.205263
-0.972482
-0.205263
0.252733
-1.279328
0.056290
-0.205263
-0.205263
-0.205263
0.433638
0.201037
0.384625
-0.063296
-0.496240
-0.205263
-0.205263
-0.974757
-0.376611
-0.253184
-0.205263
0.372987
-0.443072
-0.205263
-0.205263
-0.205263
-0.205263
-0.205263
-0.205263
1.457687
-0.581912
-0.205263
-0.205263
-0.410525
0.928881
0.679823
-0.467239
-0.592853
-0.205263
-0.205263
-0.205263
-0.281452
-0.443072
-0.205263
-0.205263
-0.205263
0.056290
-0.410525
-0.070891
-0.205263
0.221536
-0.205263
-0.323187
-0.205263
-0.499463
-0.295238
-0.708915
-0.808364
0.088614
0.153947
-0.849999
0.531686
0.153947
1.487554
7.148280
0.521460
-0.012084
0.461841
-0.012084
0.153947
-0.236184
0.385992
2.602268
0.554863
0.153947
-0.033755
-0.693548
0.153947
0.443446
1.052198
0.153947
0.153947
-0.391661
0.153947
0.326586
3.376145
0.153947
0.829895
0.132776
1.329035
0.140612
0.848565
-0.158532
0.743725
-0.012084
0.153947
0.153947
1.058119
1.211058
0.912344
-0.082763
1.000189
0.388540
-1.058282
0.559480
1.784271
0.307894
1.088244
0.000000
0.186090
0.026584
0.169968
-0.086159
1.254285
0.257736
0.124651
0.044307
0.390912
0.044307
0.153947
-0.008547
-0.567185
0.930450
0.509190
0.153947
0.461841
0.531686
-0.503071
0.799124
1.750705
0.156735
-0.132921
0.307894
0.555853
0.352141
0.018989
3.538859
-1.885921
-0.044307
2.450959
7.338557
0.705127
0.153947
1.045955
0.322590
0.049431
0.633423
-0.012084
0.770945
-0.327163
-0.462174
-0.566211
-0.387344
-0.097230
-0.294919
0.629628
-0.194459
-0.614539
0.378373
-0.136178
-0.194459
-0.457911
-0.194459
-0.097230
0.048971
-0.097230
-0.097230
0.093278
-0.097230
-0.097230
-0.097230
-0.097230
0.314814
-0.620560
0.323167
-0.096861
-0.228956
-1.668948
-0.034930
-0.152365
-0.194459
0.235061
-0.615636
-0.097230
1.132055
-1.133295
-0.097230
-0.097230
0.243388
-0.355278
0.489695
-0.197883
-0.097230
0.324655
-0.097230
-0.274238
0.410039
0.057160
0.097942
-0.847658
-0.097230
0.029982
-0.097230
-0.615636
-0.533756
-0.097230
1.095578
-0.097230
-0.097230
0.417273
-0.097230
-0.194459
-0.097230
-0.402962
-0.312906
-0.097230
-0.738971
-0.721316
-0.194459
-0.097230
-0.402962
-0.327806
-0.097230
-0.097230
-0.097230
-0.228956
0.038809
-0.291689
-0.097230
-0.097230
-0.097230
-0.097230
-0.097230
0.061055
-0.954042
0.399292
-0.097230
-0.291689
-0.097230
-0.097230
-0.237498
-0.486912
-0.345129
1.705604
-0.054963
-0.261179
0.318582
-0.363379
-0.097230
-0.097230
-0.097230
-0.004198
-0.194459
-0.097230
-0.097230
-0.097230
0.061055
-0.097230
-0.206647
-1.012315
-0.115430
-0.572457
-0.320543
-0.097230
-0.097230
-0.414552
-0.646473
-0.097230
-0.097230
-0.097230
-0.194459
-0.408450
-0.097230
-1.048525
-0.097230
0.553691
-0.516290
-0.655170
-0.228956
-0.566665
-0.097230
2.662593
-0.097230
0.038746
0.698997
-0.097230
-0.097230
-1.040985
-0.097230
-0.097230
-0.097230
-1.147322
-0.097230
-0.097230
-0.194459
-0.097230
-0.097230
-0.261179
0.149587
0.015741
0.038746
0.703994
-0.097230
-0.097230
-0.030782
-0.635480
-0.486299
0.310466
-0.048691
-0.097230
-0.363983
-0.135896
-0.097230
3.284667
-0.190027
-0.097230
-0.097230
0.713578
-0.216872
-0.097230
-0.097230
0.069844
-0.097230
-0.097230
-0.097230
-0.097230
-0.097230
-0.097230
0.447735
-0.097230
-0.097230
-0.076183
-0.097230
-0.140770
-0.339359
-0.097230
-0.097230
-0.097230
0.227595
0.691566
-0.097230
-0.097230
-0.097230
-0.097230
-0.510423
0.358058
-0.097230
-0.097230
-0.097230
-0.097230
-0.198552
-0.097230
-0.097230
-0.097230
-0.097230
0.578326
-0.097230
-0.097230
-0.097230
-0.349793
-0.368600
-0.097230
0.346862
-0.097230
-0.057303
-0.449015
0.249032
-0.097230
-0.097230
0.268453
0.235061
-0.097230
0.410346
2.306782
-0.360584
-0.097230
-0.097230
-0.364071
-0.097230
-0.004198
-0.097230
-0.022716
-0.349793
-0.228956
-0.185317
1.579960
-0.097230
-0.097230
-0.097230
1.394874
-0.650496
-0.097230
-0.386354
-0.261179
0.131659
-0.097230
0.216227
0.546346
-0.382797
-0.097230
-0.097230
-0.159522
-0.097230
-0.868914
-0.097230
0.291037
-0.097230
-0.097230
0.075555
-0.410525
-0.118076
0.532645
-0.602577
-0.410525
-0.467239
-0.299925
-0.205263
0.221536
-0.205263
-0.567688
-0.205263
-0.205263
-0.132632
-0.205263
-0.205263
0.080415
-0.205263
-0.205263
-0.193953
-0.615788
-0.205263
-0.379977
-0.443072
-0.229757
0.783817
0.516080
-0.205263
-0.412057
0.577662
-4.342405
-0.850697
-0.246315
-1.399357
-0.049371
1.773489
-1.647357
-0.389903
-0.406670
-0.123158
-0.265843
-0.652092
1.630429
0.292427
-0.123158
0.425349
-0.123158
0.159593
-0.399600
-0.123158
0.637656
0.298830
-1.654978
-0.695592
-0.069269
-0.123158
-0.112581
0.277690
-1.169709
0.731054
0.718132
0.184954
0.349394
-0.123158
-0.123158
-0.326607
0.252306
0.691192
0.101724
-0.123158
-0.592773
-0.246315
-0.123158
-0.123158
-0.095914
-0.412057
-0.123158
0.175676
-0.854696
-0.123158
0.063983
-0.123158
0.711907
-0.816340
-0.923682
-0.275708
0.101948
-0.307894
-0.307894
-0.307894
-0.615788
-0.307894
0.040496
-0.307894
-0.615788
-1.232545
-0.307894
-0.307894
-0.307894
-0.143146
-0.307894
-0.664607
-0.307894
-0.307894
-0.307894
-0.565891
-0.923682
-0.307894
-0.615788
-0.307894
-0.307894
-0.307894
-0.228086
-0.332304
-0.378799
-0.615788
-0.307894
-0.106337
-1.706340
-5.522888
-0.747859
-0.307894
-0.307894
0.265843
-0.307894
-0.526866
-0.307894
-0.314426
-0.307894
-0.357433
-0.463974
-0.743743
-0.486803
-0.131955
-0.263909
-0.659773
-0.131955
-0.131955
-0.527818
-0.263909
-0.058571
-1.167981
-1.451500
-2.164974
-0.546877
-0.131955
-0.516953
-0.263909
-0.129708
-0.791727
-0.888675
0.505131
-0.806447
-0.432944
-1.358905
-0.336594
-1.164867
-0.183283
-0.911462
-0.263909
-0.131955
-0.131955
-0.068360
0.454919
-0.407569
-0.258938
1.475666
1.065228
-0.131955
-0.131955
-0.358421
0.133341
0.419306
-0.131955
-0.131955
-0.551417
-0.413562
0.575465
0.001380
-0.131955
-0.131955
-0.280494
0.323183
-0.131955
-0.056966
-0.263909
-0.258938
-0.131955
-0.146470
-0.131955
0.417753
-0.131955
-0.252565
-0.131955
-0.007596
0.487514
0.948145
-0.131955
-0.131955
-0.131955
-0.131955
-0.131955
1.054584
-0.131955
0.722267
-0.131955
-0.131955
-0.131955
-0.131955
-0.131955
-0.379776
0.348422
-0.131955
-0.131955
-0.287196
-0.131955
-0.131955
-0.248137
-0.291161
-0.476223
-0.355601
-0.591450
-0.527818
-0.131955
0.341798
-0.263909
0.538055
0.515134
0.878483
-0.131955
-0.407569
-0.131955
-0.258938
-0.258938
0.949439
0.008764
-0.092368
-0.497603
-0.369473
-0.897795
0.226197
-0.098687
-2.258265
-0.184736
-2.811041
0.748830
-0.092368
1.126518
-0.092368
-0.092368
-0.146482
-1.109562
-0.948896
-0.092368
-0.013136
0.410116
-0.256982
-0.053169
0.042944
-0.434210
-0.277104
-1.177426
-0.554209
-0.184736
-0.187252
0.556219
0.289897
0.053169
-0.023028
-0.717776
-0.092368
0.543203
-0.535484
-0.224758
0.602730
-0.149103
-0.398764
-0.092368
-0.092368
-0.568648
-0.092368
-0.092368
-0.092368
-0.108134
-0.092368
-0.092368
-0.104436
-0.000000
-0.092368
-0.445206
-0.193686
-0.116193
-0.092368
-0.850410
-0.092368
-0.092368
-0.092368
-0.092368
0.075883
0.558270
0.651361
-0.092368
-0.092368
-0.329854
-0.230279
-0.445206
-0.539921
0.074065
0.641537
-0.215035
-0.092368
-0.571777
-0.092368
0.026584
0.205058
-0.092368
-0.092368
0.859808
-0.256982
-1.037352
-0.841767
0.244499
-0.000000
-0.224758
-0.256982
-0.092618
-0.184736
-0.209954
0.239259
0.051695
0.205424
-0.092368
-0.092368
-0.478517
0.157906
0.168871
-0.092368
-0.092368
0.085495
0.053169
-0.092368
-0.092368
-0.092368
0.159506
-0.092368
-0.179615
-0.092368
-0.243343
0.935679
-0.155713
-0.369763
-0.092368
1.009550
-0.967290
0.079753
-0.092368
-0.434210
-0.345596
0.472295
0.190803
-0.092368
0.239259
-0.307618
-0.092368
0.615788
1.113157
5.411793
2.534290
0.918367
1.828119
2.731801
2.119754
1.231576
1.291237
5.457589
1.231576
0.184736
0.554209
1.471131
0.203961
0.369473
2.644310
-0.093780
1.211059
0.384046
0.184736
0.239259
0.184736
0.323795
2.016473
0.184736
0.239259
5.438874
0.319012
5.805893
0.211513
1.200338
0.760720
0.184736
1.661859
-0.182292
0.758824
0.868481
0.184736
2.752642
1.606715
0.478517
0.685559
0.554209
0.450324
3.106598
2.119138
0.184736
2.295271
0.772887
1.382383
0.184736
0.996214
0.184736
0.736479
-0.022104
0.558270
0.207047
0.648997
0.014501
0.184736
0.184736
0.184736
0.518394
-0.106337
0.115340
0.184736
0.843102
0.448026
0.184736
-1.425487
-1.115938
-4.731535
-0.004263
0.184736
0.133752
0.184736
0.184736
0.184736
1.896078
0.319012
0.184736
0.184736
0.184736
0.184736
0.358888
0.184736
2.159227
0.920176
0.802687
0.558270
1.327608
1.644992
0.184736
1.455809
-0.068360
0.282203
0.805651
0.184736
3.220300
0.615788
0.615788
2.893079
0.615788
0.615788
2.734107
6.643348
1.177304
0.886143
0.615788
0.182761
0.167942
0.602015
0.167942
0.167942
-0.304482
0.267702
-0.114860
0.761267
0.251342
0.000000
0.167942
-0.026564
0.167942
0.167942
0.267702
0.167942
-0.399150
0.822218
0.353643
0.614078
0.167942
0.167942
0.167942
0.179998
0.167942
-0.103391
0.167942
0.853241
-0.277791
0.167942
0.752754
0.198174
-1.750573
0.335884
0.167942
0.167942
0.172944
1.217189
0.167942
0.345860
-0.062933
-0.386681
0.167942
0.070098
0.167942
0.167942
0.167942
0.444079
-0.120838
0.167942
0.167942
0.244696
0.167942
0.627863
0.942534
-0.082860
0.197932
0.037978
0.131955
0.131955
0.131955
0.131955
0.197932
0.155086
0.131955
0.131955
0.131955
0.131955
0.131955
0.131955
-0.418811
0.197932
3.223028
4.269969
0.065977
0.541863
-0.278142
0.258938
0.197932
0.543495
-0.088039
0.065977
0.065977
2.238163
0.065977
0.065977
-0.120262
-0.581532
0.065977
-2.213015
-0.474720
0.065977
0.256349
0.065977
0.110135
0.065977
0.065977
0.271857
0.065977
0.322809
0.754751
-0.170899
0.065977
0.065977
0.065977
0.065977
0.902945
-0.963460
0.065977
0.131955
0.028464
0.065977
0.511040
0.065977
0.065977
0.201972
0.065977
0.375978
0.131955
-0.217520
0.131955
0.065977
-0.208877
0.065977
0.065977
0.131955
0.413562
0.065977
-0.657081
0.086432
2.478618
0.065977
0.065977
-0.474720
0.065977
0.131955
1.818701
0.398815
0.065977
0.065977
0.854495
0.061747
0.524906
0.065977
0.065977
0.065977
1.403496
0.065977
0.759782
0.065977
0.375978
-0.012384
0.065977
0.065977
0.065977
0.676638
0.163304
-0.098042
-0.133442
0.451547
0.065977
1.832989
0.136719
0.451882
1.499164
-0.238296
0.194731
0.943765
0.065977
0.421227
0.065977
0.402626
0.931128
-0.181165
0.065977
0.189888
0.694918
-0.054202
2.043616
0.065977
0.263396
0.074978
0.322809
0.193871
0.065977
-0.318401
0.746295
0.131955
0.197932
0.065977
0.817274
0.244691
0.454620
0.598517
0.522123
1.416869
0.921983
0.065977
0.455731
0.179663
0.065977
0.131955
0.065977
0.337737
0.065977
-0.474720
0.065977
0.065977
0.911462
-0.086844
1.131290
0.065977
-0.125218
0.216472
0.065977
-0.589714
0.065977
0.065977
0.065977
0.065977
-0.321137
0.156657
-0.878212
-0.357433
2.137718
0.256349
0.065977
0.065977
0.065977
0.065977
0.179663
0.410525
-0.045951
1.365054
1.275615
0.405094
-0.050637
0.405094
2.558151
0.205263
0.731016
-0.307024
0.205263
0.988415
0.205263
0.554603
0.205263
0.299925
0.205263
0.545661
1.143631
0.376611
1.951078
1.361101
-0.693515
0.205263
0.230397
3.085792
0.496240
0.205263
0.205263
0.205263
0.093864
0.754663
0.602590
0.568419
0.284210
1.374107
0.127250
0.145242
0.453320
0.284210
0.295061
0.441708
0.798563
0.142105
0.071243
-0.454222
0.142105
1.418253
-0.408989
0.290118
2.519683
0.142105
-0.048459
0.404899
0.441708
0.267702
0.142105
0.229034
0.100388
0.142105
0.142105
0.633190
0.142105
0.142105
0.142105
1.970136
0.062057
0.142105
0.488990
0.433448
0.847205
1.030022
0.142105
-0.817371
0.368090
0.542125
2.371599
0.039839
1.010693
0.142105
0.255618
0.142105
0.142105
0.250059
-0.231169
-1.544948
0.142105
0.142105
-0.063538
0.142105
0.564405
-0.054532
0.142105
-0.861000
0.388540
0.412707
0.245393
-0.426332
1.250173
1.611303
1.401897
0.915150
0.488499
1.006752
-1.847363
-1.557080
-0.307894
0.473754
-0.307894
-0.307894
0.179837
-0.410848
-0.307894
-0.307894
-0.307894
-0.307894
-0.307894
0.515386
0.132921
-0.307894
-0.307894
-0.615788
-0.307894
0.110283
-0.307894
-0.307894
-0.307894
0.441430
-0.307894
-0.531686
-0.294903
0.186553
-0.307894
-0.627236
0.053169
-0.307894
-0.307894
-0.962306
-0.493708
-0.307894
-0.636826
-0.307894
-0.307894
-0.307894
-0.513257
-1.549485
-0.394967
-1.340621
-0.369473
-0.496240
-0.369473
-0.369473
-0.738945
-0.738945
-0.627863
-0.992550
-0.174006
-1.035837
-0.369473
0.777373
-0.546877
-0.638023
-0.369473
-0.464017
-0.369473
-0.305931
-1.495265
-0.369473
-0.369473
-0.369473
-0.369473
-0.369473
-0.738945
-0.369473
-0.369473
-0.638023
-0.369473
-0.394967
1.365900
1.870262
0.263909
1.603785
0.151106
0.546877
-1.109099
0.774742
1.239001
-0.226865
0.527818
0.263909
0.626630
0.263909
0.772105
0.756505
0.263909
0.263909
0.263909
0.263909
0.626630
0.546877
0.263909
2.341616
-0.037978
-1.813434
0.511525
-0.407296
0.263909
1.276461
0.263909
0.105169
0.263909
0.407818
0.263909
0.612742
0.263909
0.263909
0.320502
0.206781
0.263909
0.626630
-0.000000
0.307894
0.923682
0.083339
0.307894
0.307894
-0.504421
0.307894
0.063121
0.307894
0.410848
0.122816
0.307894
0.307894
0.354457
0.307894
-0.051173
0.307894
0.307894
-0.053169
0.307894
0.307894
0.307894
0.990869
0.307894
0.307894
0.425349
0.675485
0.705962
1.640902
0.717699
0.307894
0.307894
0.823235
0.307894
-0.053169
0.307894
0.646962
1.169164
0.664607
0.923682
-0.175212
-0.529641
0.744649
0.519773
0.930450
1.102411
0.277104
0.092368
0.184736
0.163304
0.184736
0.184736
0.184736
0.234982
1.767957
0.752711
0.184736
0.184736
0.482489
0.092368
2.207328
-1.857584
0.092368
0.092368
0.014501
1.721953
0.092368
0.092368
-0.042944
0.092368
0.092368
0.184736
0.051637
-0.265996
-0.048249
0.092368
-1.262165
0.239259
-0.369909
0.094253
0.092368
0.776133
0.092368
0.092368
0.239259
-0.614411
0.092368
0.092368
0.184736
0.184736
-1.387681
0.472545
0.520399
0.212674
0.092368
0.202450
0.092368
1.421267
1.612794
0.092368
0.092368
4.712210
0.506614
0.092368
0.092368
-0.148113
0.092368
-0.701850
0.387820
0.092368
0.092368
0.184736
2.315805
0.092368
0.092368
0.092368
0.277104
-1.017435
0.092368
0.092368
0.092368
-0.186090
0.092368
0.398764
0.092368
0.092368
0.092368
0.877282
0.281452
0.092368
0.092368
0.092368
0.092368
0.092368
0.092368
0.092368
0.092368
0.092368
0.092368
-1.763135
0.358888
-0.220044
-0.065252
0.092368
0.092368
0.120419
-0.520316
0.131563
1.883912
0.092368
0.092368
0.092368
1.610309
0.092368
0.092368
-0.451933
0.092368
-0.313618
0.092368
0.092368
-0.168871
0.092368
0.092368
0.092368
0.092368
-0.139472
0.092368
0.092368
-0.079753
0.868481
0.092368
0.092368
0.092368
0.092368
0.092368
0.092368
0.092368
0.092368
0.092368
0.092368
0.092368
0.092368
0.092368
-0.072157
0.092368
0.345596
0.092368
-0.495691
0.184736
-0.450324
0.092368
-0.311933
0.172892
0.092368
0.186090
-1.515836
1.069443
0.092368
0.092368
0.092368
0.092368
0.092368
0.398764
-0.210258
0.092368
-0.085532
0.092368
0.092368
-1.095566
-0.065252
0.398764
0.224758
0.092368
0.398764
0.092368
0.092368
0.651361
0.760893
0.345596
0.040207
0.092368
0.092368
0.092368
-0.914537
0.092368
0.092368
0.092368
0.092368
0.092368
0.092368
-0.148113
0.092368
1.414276
0.092368
0.092368
0.003798
0.007795
0.092368
0.193686
-0.239259
0.877282
0.711672
0.092368
-0.239259
-0.434241
0.092368
0.001155
0.092368
0.092368
0.092368
0.092368
0.751302
0.092368
0.092368
0.092368
-0.042944
0.092368
0.092368
0.092368
0.092368
0.092368
0.092368
-0.369909
2.561141
0.198174
-0.206437
0.428007
0.660639
0.061579
0.061579
-0.171433
0.061579
0.230397
0.061579
1.146787
0.061579
0.404872
0.061579
0.699610
0.808170
0.240837
0.061579
0.319012
0.061579
0.061579
0.061579
0.061579
0.061579
1.554160
-0.124060
0.061579
0.372180
0.061579
-0.091837
0.524894
0.061579
0.061579
0.324584
0.061579
0.061579
1.735601
0.984685
0.100092
0.347876
0.061579
0.061579
0.336672
0.061579
0.061579
0.123158
0.451933
0.795479
0.167101
0.061579
0.372180
0.061579
0.061579
0.186090
0.362645
0.123158
0.123158
0.691192
-0.345596
0.584854
-0.214927
0.159506
0.061579
-0.072373
0.186090
-0.980480
0.061579
-0.016182
0.061579
0.061579
-0.046950
0.250976
-0.265843
0.336407
0.451933
0.061579
0.061579
0.451933
0.186090
-0.106337
0.061579
-1.192438
-0.305525
0.737302
-0.381847
0.061579
0.061579
3.243538
1.826487
0.061579
0.061579
0.061579
0.791727
0.263909
-0.275708
0.527818
0.680324
0.263909
0.263909
0.263909
-1.080389
-0.037978
0.263909
-0.062145
0.263909
0.263909
0.263909
0.387371
0.263909
0.263909
0.527818
0.263909
0.263909
0.000000
0.263909
-0.482489
1.822923
-0.436538
0.875578
0.263909
-0.444660
-0.114878
-0.388003
-1.061414
0.174006
4.283187
-0.324584
0.369473
0.369473
-0.192996
0.369473
0.689380
0.447399
0.369473
0.369473
0.369473
0.369473
0.369473
0.174006
0.369473
-0.527818
-0.632959
-0.630787
0.692157
-0.987226
-0.263909
-0.527818
-0.175232
0.054349
-0.263909
-0.405094
-0.628749
-0.263909
-0.372871
-0.263909
-0.774742
-0.546877
-2.070740
0.186976
-0.765989
-0.263909
-0.263909
-0.316480
-0.263909
-0.263909
-0.865888
-0.351528
-0.303821
-0.771983
-0.263909
-0.517876
-0.546877
-1.364756
1.667898
-0.649063
-0.263909
-0.263909
-0.303821
-0.263909
-0.414461
-0.791727
-1.029443
-1.050162
-0.546877
-0.791727
1.240687
-0.263909
-0.263909
-0.303821
-0.455731
-1.319545
-0.263909
-1.025394
0.037978
-0.455731
-0.086159
-0.546877
-0.263909
-0.263909
-0.473259
-0.263909
-0.263909
-0.263909
-0.263909
-0.435916
-0.127397
-0.711408
-0.263909
-0.263909
-0.307894
-0.927720
-0.307894
-0.307894
-0.307894
-0.335193
-0.438627
-0.307894
-0.307894
-0.307894
-0.615788
-0.683527
-0.443072
-1.357863
1.267826
-0.884564
-0.307894
-0.531686
-0.307894
-0.307894
-0.664607
-0.615788
-0.307894
-0.493708
-0.066461
-0.307894
-3.406125
0.435377
-0.549889
-0.307894
-0.307894
-0.974757
-0.230920
-0.923682
-0.923682
-0.230920
-0.543770
-0.000000
-0.230920
-0.230920
-0.461841
-1.133850
-0.230920
-0.230920
-0.230920
-0.717776
-1.270129
-0.230920
-0.427248
-0.230920
-0.230920
-0.230920
-0.230920
-0.230920
-0.465225
-0.222687
-0.230920
-0.230920
-0.230920
-0.230920
0.221207
0.199382
0.497597
-0.093045
-0.167942
-0.083971
-0.986910
-0.167942
-0.309869
-0.083971
-0.143392
-0.217508
-0.167942
-0.083971
-0.338346
-0.065794
-0.083971
0.246509
-0.083971
-0.516874
-0.335884
-0.946181
-0.083971
0.126880
-0.961846
-0.433558
-0.123956
-0.083971
-0.083971
-0.083971
-1.439695
0.335884
0.335884
0.403943
0.201396
0.167942
0.435016
0.335884
0.335884
0.133457
-0.032223
0.167942
-0.386681
0.260252
0.304511
0.735042
0.167942
0.167942
0.855322
-0.045776
0.167942
-0.032223
-1.077465
-0.082860
1.697163
0.167942
0.167942
0.167942
1.514380
0.662326
0.167942
0.214301
0.167942
0.324584
1.847363
2.240130
0.131955
0.263909
1.039650
0.395864
0.791727
0.364585
0.546877
0.131955
0.263909
0.263909
1.371661
0.373355
2.234707
0.131955
0.131955
-1.585323
0.820859
0.263909
0.607641
-0.267755
0.131955
0.103391
0.131955
0.911462
0.131955
0.131955
0.131955
0.131955
0.131955
0.131955
0.131955
0.131955
0.512697
0.512697
0.220270
0.131955
0.911462
0.677770
-1.481125
0.696255
0.131955
2.171203
1.116540
0.923682
0.923682
0.923682
0.923682
0.923682
1.196293
0.923682
1.914069
1.847363
0.923682
0.923682
-0.797529
-0.017242
2.352136
0.923682
0.652524
0.923682
0.923682
0.923682
0.923682
0.923682
0.923682
0.923682
0.923682
0.923682
1.435552
0.923682
0.923682
0.645619
0.923682
0.923682
0.923682
0.923682
0.923682
0.923682
0.923682
0.265843
0.923682
0.923682
0.738945
0.477289
0.246315
0.246315
0.246315
0.338270
0.123158
0.123158
0.123158
1.288403
0.123158
0.246315
-0.015191
0.696952
0.123158
1.062742
0.123158
0.123158
-0.195920
1.467264
-0.212674
-0.104539
0.123158
-0.038668
0.589953
0.123158
0.123158
-0.106337
-0.506614
0.151229
0.123158
0.123158
0.123158
0.396348
0.123158
0.265843
-0.850697
-0.396957
-0.159506
0.246315
0.246315
0.123158
0.123158
0.214535
0.123158
0.123158
-0.053169
0.123158
0.123158
-0.212674
-0.038668
0.246315
0.123158
-0.425349
0.096498
0.917547
0.123158
0.396348
0.251342
0.123158
0.123158
0.123158
0.928737
0.123158
0.460794
0.123158
1.096581
0.425349
0.251342
-0.588713
-0.248120
0.123158
0.123158
0.123158
1.112566
0.760720
0.915802
0.284210
0.444776
0.731471
-0.073618
1.043215
0.423865
0.142105
0.142105
0.142105
0.283661
0.142105
0.284210
0.654383
0.142105
0.142105
0.521461
0.142105
0.654383
0.142105
-1.167036
0.142105
0.142105
0.521461
0.142105
0.142105
0.142105
0.142105
0.443055
0.388540
0.142105
0.142105
0.142105
0.142105
0.142105
0.142105
0.142105
0.142105
-0.196315
0.142105
0.142105
0.183717
0.687102
0.142105
0.920226
0.142105
0.714456
0.142105
0.137661
0.142105
0.142105
0.690331
0.142105
0.449635
0.371839
0.142105
0.194056
1.267007
-0.022308
0.371839
-0.181074
0.142105
0.142105
-1.343537
-0.167942
-0.167942
-0.335884
-0.503826
-1.847363
-0.503826
-0.083339
-0.290010
-0.167942
-1.111707
-0.167942
-0.167942
-0.410848
-1.963069
0.054377
-0.167942
-0.167942
-0.167942
-0.167942
-0.335884
-0.167942
-0.167942
-0.167942
-0.410848
-0.167942
-0.635792
-0.167942
-0.503826
-0.335884
-0.167942
-0.167942
-0.167942
-0.214356
-0.167942
-0.335884
-0.167942
-0.953296
-0.167942
-0.410848
-0.322234
-0.167942
-0.394764
-0.543770
-0.167942
1.798370
-0.167942
-0.167942
-0.167942
-0.244095
-0.167942
0.174006
-0.783028
-0.167942
-1.996253
-0.167942
-0.499463
-0.167942
-0.167942
-0.167942
-0.167942
-0.167942
-0.167942
-0.167942
-0.167942
-0.167942
0.386681
-0.167942
-0.167942
-0.167942
-1.961032
-0.615788
-0.615788
-1.710644
-0.615788
-1.520573
-0.654383
-1.231576
-1.231576
-0.615788
-0.615788
2.200365
-0.615788
-0.615788
-1.415302
-0.615788
-0.386681
-0.615788
-0.615788
-0.615788
-0.615788
-0.708915
-0.615788
-0.615788
-0.132921
-0.615788
-0.615788
-0.615788
-0.615788
-0.615788
-0.615788
-0.615788
-0.615788
-0.930450
-1.847363
-0.461841
-0.923682
-0.461841
-0.461841
-0.930450
-0.461841
-0.461841
-0.461841
-0.461841
1.847363
0.063076
0.615788
0.572956
0.615788
1.231576
0.615788
0.386681
0.676691
0.241675
0.615788
0.640395
0.615788
0.615788
0.615788
0.615788
0.615788
0.676691
0.615788
0.615788
0.218927
1.231576
0.615788
0.615788
0.615788
0.611153
0.615788
0.615788
1.375095
0.369473
1.131657
1.116540
0.369473
0.369473
0.638023
0.369473
0.369473
0.369473
0.361867
1.329880
0.174006
0.369473
0.369473
0.369473
0.369473
0.369473
0.369473
-0.048249
0.369473
0.464017
0.369473
0.080415
1.595058
0.461841
0.923682
0.461841
0.461841
0.170899
-0.132921
0.461841
0.461841
0.461841
0.461841
-0.410116
0.461841
0.461841
0.461841
-0.286598
0.461841
0.461841
0.461841
-0.132921
1.847363
1.648506
0.923682
-0.000000
-0.048249
0.265843
1.125809
0.923682
0.923682
1.592215
0.496240
0.620300
0.615788
0.205263
0.205263
0.205263
0.821050
0.205263
0.205263
0.205263
0.205263
0.443072
0.410525
0.205263
0.205263
0.205263
0.205263
0.205263
0.205263
0.205263
0.205263
1.107679
0.708915
0.205263
0.205263
0.205263
0.205263
-0.067658
0.205263
0.205263
0.205263
0.205263
-0.141783
1.154602
0.398764
0.230920
0.023028
0.461841
0.039876
0.230920
0.230920
0.230920
-0.371736
0.230920
1.583591
0.230920
1.946991
1.404316
0.230920
0.230920
-0.177487
0.230920
0.632812
0.230920
0.923682
0.230920
0.230920
0.230920
0.230920
1.116540
0.640447
0.230920
0.230920
0.335688
0.230920
0.230920
-0.508337
0.230920
0.230920
0.461841
1.154602
0.132921
0.461841
-0.191899
0.230920
0.230920
0.230920
0.230920
0.230920
0.461841
-1.395675
0.230920
0.230920
0.230920
0.230920
0.335884
0.335884
0.335884
0.335884
0.335884
-0.029001
0.335884
0.167942
0.167942
0.167942
0.335884
-0.812029
0.080023
0.304511
0.167942
-0.417745
0.167942
0.056391
0.167942
0.290010
0.167942
0.167942
0.410848
0.167942
0.036330
0.167942
-0.032223
0.167942
0.167942
0.167942
0.167942
0.167942
0.167942
0.167942
0.167942
0.167942
0.277927
0.167942
-0.431316
0.167942
0.167942
0.167942
-0.386681
0.167942
0.167942
-0.099592
0.335884
0.286674
0.464017
-0.138127
0.026158
0.797529
0.615788
0.615788
0.759551
0.615788
0.372180
0.615788
0.615788
0.615788
0.478517
1.231576
0.307894
1.539469
0.307894
0.307894
0.307894
-0.265843
-0.337743
0.307894
-0.053169
0.307894
0.615788
0.307894
-0.307894
0.141783
-0.513156
-0.654285
-0.233620
-0.575993
-0.307894
-0.487379
-0.622481
-0.233620
-0.102631
-0.102631
-0.102631
0.044307
-1.091345
0.077491
-0.102631
-0.102631
-0.102631
-0.932675
-0.265843
-0.316480
-0.945136
-0.102631
-0.102631
-0.102631
-0.102631
-0.307894
-0.102631
-0.102631
-0.102631
-0.102631
-1.045649
-0.205263
-0.102631
-0.102631
-0.102631
-0.102631
-0.102631
-0.102631
-0.102631
0.177229
-0.102631
-0.102631
-0.738945
-2.064481
-0.820571
-0.627601
-0.369473
-0.369473
0.007754
-0.369473
-0.369473
-0.369473
-0.372206
-0.999604
-0.369473
-0.369473
-0.369473
-0.369473
-0.329139
-0.087970
-0.351879
-0.263909
-0.626630
0.167101
-0.175939
-0.087970
-0.087970
-0.175939
-0.175939
-1.671013
-0.175939
-0.087970
-0.394967
-1.298554
-0.379776
-1.257498
-0.087970
-0.087970
-0.087970
-0.087970
-0.087970
-0.087970
-0.175939
-0.430412
-0.087970
-0.087970
-0.087970
-0.087970
-0.087970
-0.087970
-0.373105
-0.884511
-0.607641
-1.705866
-0.175939
-0.235461
-0.438531
-0.087970
-0.871055
-0.087970
-0.087970
-0.087970
-0.087970
-0.087970
-1.048625
-0.394967
-0.087970
-0.087970
-0.175939
-0.519251
-0.087970
-0.607641
0.083551
-0.087970
-0.087970
-0.087970
-0.087970
-0.087970
-0.087970
-0.087970
-0.087970
-0.474720
-0.087970
-0.087970
-0.087970
-0.087970
-0.087970
-0.087970
-0.087970
-0.087970
-0.713978
-0.087970
-0.145305
-0.087970
-0.738945
-1.108418
-0.369473
-0.144747
-1.807732
-0.638023
-0.369473
-0.369473
-0.877282
-0.369473
-0.053169
-1.108418
-0.369473
-0.369473
-0.369473
-0.369473
-0.638023
0.524894
-0.369473
-0.369473
-0.850697
-0.369473
-0.369473
-0.369473
-0.369473
-0.369473
-0.369473
-0.584854
-1.847363
-0.615788
-0.615788
-0.307894
-0.615788
-0.957035
-0.615788
-0.307894
-0.307894
-0.307894
-0.307894
-0.307894
-0.307894
-0.307894
-0.307894
-0.593833
-0.584854
-0.615788
-0.615788
-0.615788
-0.615788
-0.615788
-0.615788
-0.615788
-0.615788
-0.615788
-0.615788
-0.850697
-0.676691
-0.615788
-0.615788
-1.488721
-0.615788
-0.615788
-0.615788
-0.615788
-0.691192
-0.169173
-0.335884
0.029001
0.171064
-1.007653
-0.335884
-0.167942
-0.335884
-0.221820
-0.671768
-0.167942
-0.774907
-0.167942
-0.167942
-0.335884
-0.167942
-0.671768
-0.167942
-0.839711
-0.167942
-0.167942
-0.167942
-0.167942
-0.167942
-0.167942
-0.167942
-0.012084
-0.167942
-0.290010
-0.422932
-0.543770
-0.167942
-0.167942
-0.167942
-0.167942
-0.422932
-0.167942
-0.167942
-0.167942
-0.267702
-0.167942
-0.167942
-0.167942
-0.372871
-0.167942
-0.167942
-0.839711
-0.657940
-0.167942
-0.167942
-0.167942
-0.410848
-0.167942
-0.167942
-0.627863
-0.012084
-0.167942
-0.885674
-0.789528
-0.167942
-0.335884
-0.167942
-0.167942
-0.167942
-0.167942
-0.167942
-0.167942
-0.167942
-0.167942
-0.167942
-0.167942
-0.167942
-0.372871
-0.167942
-0.167942
-0.167942
-0.335884
-0.167942
-0.335884
-0.167942
-0.167942
0.253759
-0.167942
-0.533663
-0.167942
-0.531686
-1.010203
-0.307894
-0.307894
-1.701395
-1.231576
0.134275
-0.307894
-0.604238
-0.307894
-0.307894
-0.307894
-0.307894
-0.307894
-0.307894
-0.797529
-0.923682
-0.615788
-0.307894
-0.792661
-0.307894
0.053169
-0.307894
-0.307894
-0.307894
-0.307894
-0.307894
-0.317296
-0.836765
-0.307894
-0.307894
0.531686
-0.307894
-1.488721
-0.307894
-0.335193
-0.307894
-0.307894
-0.307894
-0.307894
-0.307894
-0.379776
-0.307894
-0.307894
-0.659773
0.168010
-0.131955
-0.131955
-0.131955
-0.131955
-0.797529
-0.569663
-0.131955
-0.131955
-0.131955
-0.354812
-0.131955
-0.258938
-0.678351
-0.131955
0.113933
-0.432944
-0.131955
0.284832
1.561198
-0.166555
-0.738945
-2.443730
-0.850697
-0.625680
-0.657846
-0.369473
-0.369473
-0.496240
-1.168531
-0.678836
-0.738945
-1.197033
-0.369473
-0.369473
-0.369473
0.205990
-0.369473
-0.738945
-0.817935
-0.369473
-0.496240
-0.369473
-0.369473
0.032166
-0.282173
-1.231576
-0.615788
-0.615788
-0.615788
-1.312913
-1.061477
-0.850697
-0.615788
-0.850697
-0.615788
-1.067044
0.221536
-0.205263
-0.821050
-0.615788
-0.410525
-0.321660
-0.615788
-0.068027
-1.026313
-0.954846
-0.205263
-0.205263
-0.410525
-0.410525
-0.205263
-0.205263
-0.160830
-0.753222
-0.205263
-0.575993
-0.205263
-0.615788
-0.322234
-1.169709
-0.615788
-0.205263
-0.410525
-0.410525
-0.205263
-0.205263
-0.205263
-0.205263
-0.205263
-0.205263
-0.205263
-0.410525
-0.812191
0.141783
-0.410525
-0.739817
-0.205263
-0.205263
-0.205263
-0.205263
-0.205263
-0.205263
0.050637
0.354457
-0.205263
-0.205263
-0.205263
-0.205263
-0.205263
-0.205263
-0.205263
0.141783
-0.205263
-0.443072
1.014524
-0.160640
-0.080320
-0.596413
0.534934
-0.075130
-0.160640
-0.315929
-0.160640
-0.080320
-0.080320
-0.080320
-0.080320
-0.080320
-0.080320
-0.080320
-0.080320
-0.160640
-0.080320
-0.080320
-0.335193
-0.473894
-0.080320
-0.214356
-0.160640
-0.108360
-0.214356
-0.080320
-0.080320
-0.108360
-0.080320
-0.786668
-0.080320
-0.080320
-0.080320
-0.228856
-0.080320
-0.080320
0.063571
-0.080320
-1.847363
-0.538332
-1.847363
-1.847363
-0.369473
-0.369473
-1.102040
-0.738945
-0.738945
-0.369473
-0.369473
-0.369473
-0.369473
-0.369473
-0.369473
-0.369473
-0.369473
-0.369473
-0.738945
-0.000000
-0.369473
0.369473
0.369473
0.369473
0.369473
0.546877
-1.037352
0.141783
0.369473
0.369473
0.369473
0.774742
0.369473
1.914069
0.369473
-0.212674
0.584854
0.120622
0.369473
0.369473
0.461841
0.461841
0.461841
0.461841
0.301556
0.132921
0.054377
0.230920
0.663423
0.230920
0.230920
0.230920
0.233964
0.230920
0.230920
0.230920
0.230920
0.230920
0.598147
0.230920
0.230920
-0.438641
0.615174
0.230920
0.230920
0.230920
0.230920
0.230920
0.230920
0.230920
0.230920
-0.000000
0.230920
0.230920
0.230920
0.230920
0.184736
0.369473
0.184736
0.184736
0.355821
0.184736
0.184736
0.184736
0.184736
0.478517
0.184736
0.319012
0.369473
0.184736
0.184736
0.184736
0.053169
0.369473
0.091146
0.369473
0.369473
0.369473
0.369473
0.369473
0.369473
0.048249
1.515305
0.369473
0.174006
0.464017
0.369473
0.369473
0.369473
0.369473
0.369473
0.369473
0.369473
0.418703
-0.000000
0.369473
0.584854
0.369473
0.053169
0.369473
0.369473
0.184736
0.184736
0.518394
0.174006
0.369473
0.558270
0.184736
0.369473
1.006834
0.184736
0.014501
0.184736
0.184736
0.319012
0.014501
0.184736
-0.159506
0.184736
0.014501
0.369473
0.304511
1.230348
0.184736
0.259197
0.184736
0.184736
0.184736
0.184736
0.184736
0.184736
0.184736
-0.381385
0.184736
0.558270
0.184736
0.369473
0.738945
0.369473
0.369473
0.369473
0.369473
0.369473
0.369473
2.791351
0.369473
0.738945
0.369473
0.369473
0.053169
0.369473
0.451933
0.369473
0.053169
0.369473
0.369473
0.369473
0.369473
0.369473
0.369473
0.369473
0.230920
0.115460
0.115460
0.461841
0.270768
0.022154
0.115460
0.115460
0.115460
0.115460
0.230920
0.115460
0.115460
0.115460
0.299073
0.230920
0.115460
0.115460
0.327556
0.115460
0.115460
0.115460
0.115460
0.115460
0.115460
0.115460
-0.583905
-0.019938
0.115460
0.115460
0.115460
-0.166152
0.230920
0.230920
0.115460
0.115460
-0.128174
0.291504
0.115460
0.115460
0.115460
0.115460
0.115460
0.369473
0.174006
0.369473
0.184736
-0.506614
0.184736
0.184736
0.184736
0.184736
0.184736
0.184736
0.184736
0.184736
0.558270
-0.325680
0.546877
0.184736
0.184736
0.184736
0.184736
0.184736
0.184736
-0.129395
0.184736
0.184736
0.184736
0.304511
0.369473
0.691192
0.184736
0.184736
0.184736
0.184736
0.184736
0.184736
0.184736
0.036809
0.184736
0.184736
0.184736
-0.615788
-0.615788
-0.615788
-0.615788
-0.615788
-0.615788
-1.231576
-0.615788
-0.615788
0.471524
-0.132921
-0.615788
-0.615788
-0.615788
-0.615788
-0.615788
-0.615788
-1.208377
-0.000000
-0.676691
-0.511731
-0.615788
-0.615788
-1.055636
-0.791727
-0.791727
-0.745741
-0.263909
-0.527818
-0.263909
-0.791727
-0.263909
-0.263909
-0.545150
-0.276335
-0.263909
-0.546877
-0.527818
-0.263909
-0.263909
-0.263909
-0.263909
0.120622
-0.263909
-0.263909
-0.263909
-1.286665
-0.350562
-0.791727
-0.263909
-0.263909
-0.405094
-0.655113
-0.527818
-0.263909
-0.263909
-0.263909
-0.263909
-0.263909
-0.263909
-0.263909
-0.263909
-0.372871
-0.263909
-0.708915
-1.087974
-0.205263
-0.047471
-0.205263
-0.205263
-1.026313
-0.410525
-0.205263
-0.205263
-0.443072
-0.205263
-0.205263
-0.205263
-0.205263
-0.205263
-0.205263
-0.205263
-0.923682
-0.461841
-0.461841
-0.923682
-0.461841
-0.461841
-0.461841
-0.461841
-0.461841
-0.461841
-1.860901
-1.108418
-0.738945
-0.369473
-0.369473
-0.369473
-0.369473
-0.369473
-0.369473
-0.369473
-0.053169
-0.369473
-0.369473
-0.369473
-0.738945
-0.369473
-0.369473
-1.302722
-0.369473
-0.369473
-0.584854
-0.369473
-0.369473
-0.369473
-0.369473
-0.369473
-0.369473
-0.369473
-0.850697
-0.174006
-0.307894
-0.615788
-0.410848
-0.615788
-0.307894
-0.307894
-0.307894
-0.307894
-0.643319
-0.903866
-0.307894
-0.307894
-0.307894
-0.307894
-0.307894
-0.307894
-0.584854
-0.531686
-0.615788
-0.307894
-0.923682
-0.307894
-0.615788
-0.307894
-0.307894
-0.307894
-0.615788
-0.307894
-0.615788
-0.307894
-0.615788
-0.615788
-0.615788
-0.307894
-0.307894
-0.307894
-0.307894
-0.307894
-0.307894
-0.923682
-0.307894
-0.132921
-0.615788
-0.307894
-0.307894
-0.410848
-0.903866
-0.307894
-0.584854
-0.662326
-0.307894
-0.307894
-0.167248
-0.066461
-0.307894
-0.307894
-0.307894
-0.307894
-0.615788
-0.307894
-0.307894
-0.307894
-0.307894
-0.307894
-0.307894
-0.307894
-0.307894
-0.307894
-0.307894
-0.903887
-0.307894
-0.307894
-0.344387
-0.054377
-0.230920
-0.230920
-0.230920
-0.230920
-0.230920
-0.230920
-0.230920
0.066461
-0.230920
-0.199382
-0.079753
-0.461841
-0.461841
-0.461841
-0.461841
-0.461841
-0.109657
-0.000000
-0.461841
-0.461841
-0.461841
-0.527818
-0.263909
-0.263909
-0.263909
-0.372871
-0.263909
-0.839753
-0.372871
-0.626630
-0.263909
-0.263909
-0.263909
-0.263909
-0.263909
-0.263909
-0.263909
-1.847363
-0.615788
-1.847363
-0.615788
-0.615788
-0.615788
-0.615788
-0.615788
-0.615788
-1.231576
-0.615788
-0.615788
-0.615788
-0.615788
-0.615788
-0.615788
-0.615788
-0.615788
-0.615788
-0.615788
-0.615788
-0.615788
-0.615788
-0.615788
-1.231576
-0.615788
-0.615788
-0.738945
-1.847363
-0.738945
-0.369473
-0.369473
-0.369473
-0.369473
-0.369473
-0.369473
-0.369473
-0.369473
-0.159506
-1.847363
-0.369473
-0.738945
-0.369473
-0.369473
-0.369473
-0.369473
-0.369473
-0.369473
-0.464017
-0.369473
-0.369473
-0.369473
-0.369473
-0.369473
-0.369473
-0.369473
-0.369473
-0.369473
0.461841
1.085601
0.664607
0.923682
0.461841
0.461841
0.461841
0.985266
0.461841
0.253759
1.231576
0.664607
0.615788
0.615788
0.615788
0.615788
1.847363
0.615788
1.231576
0.615788
0.615788
0.615788
0.386681
0.615788
0.615788
0.904668
0.307894
0.307894
0.307894
0.923682
0.307894
0.307894
0.307894
0.398764
-0.314178
0.307894
0.307894
0.615788
0.615788
0.335884
0.335884
0.335884
0.671768
0.335884
-0.108754
0.167942
0.335884
0.167942
0.167942
0.503826
0.167942
-0.310172
0.335884
0.167942
0.167942
0.410848
0.167942
0.167942
0.031073
0.167942
0.167942
0.167942
0.167942
0.167942
0.167942
0.167942
0.167942
0.167942
0.167942
0.167942
0.167942
0.167942
0.277927
0.167942
0.167942
0.167942
3.026525
0.167942
0.167942
0.167942
0.461841
0.461841
0.923682
0.461841
0.461841
0.664607
0.461841
0.461841
0.461841
0.461841
0.044307
0.461841
0.461841
0.461841
0.461841
0.461841
0.461841
0.461841
0.461841
0.461841
0.461841
0.854495
-1.847363
-0.923682
-0.461841
-0.923682
-0.461841
0.534185
-0.461841
-0.461841
-0.461841
-0.461841
-0.461841
-0.461841
-0.923682
-1.375095
-0.461841
-0.461841
-0.461841
-0.461841
-0.461841
-0.461841
-0.461841
-0.804149
-0.461841
-0.527818
-1.055636
-0.263909
-0.263909
-0.263909
-0.263909
-0.263909
-1.319545
-0.527818
-0.791727
-0.263909
-0.263909
-0.263909
-0.527818
-0.263909
-0.263909
-0.263909
-0.263909
-0.184736
-0.184736
-0.184736
-0.184736
-0.369473
-0.184736
-0.184736
-0.184736
-0.184736
-0.184736
-0.184736
-0.184736
-0.184736
-0.184736
-0.184736
-0.184736
-0.184736
-0.184736
-1.291237
-0.923682
-0.708915
-0.307894
-0.307894
-0.307894
-0.307894
-0.307894
-0.307894
-0.307894
-0.307894
-0.307894
-0.307894
-0.710524
-0.359326
-0.426315
0.153371
-0.542240
-0.284210
-0.284210
-0.142105
-0.142105
-0.299925
-0.284210
-0.654383
-0.142105
-0.142105
-0.142105
-0.966702
-0.783028
-0.335884
-0.503826
-0.503826
-0.167942
-0.167942
-0.167942
-0.167942
-0.167942
-0.167942
-0.671768
-0.167942
-0.167942
-0.167942
-0.167942
-0.435016
-0.435016
-0.167942
-0.167942
-0.167942
-0.676691
-0.335884
-0.290010
-0.167942
-0.167942
-0.167942
-0.167942
-0.738945
-0.738945
-0.369473
-0.369473
-0.369473
-0.369473
0.615788
0.615788
0.615788
0.615788
0.265843
0.615788
0.930450
0.615788
0.615788
0.615788
0.615788
0.615788
0.615788
0.615788
0.615788
0.615788
3.190115
1.595058
0.797529
1.131748
0.797529
0.797529
0.797529
0.797529
0.797529
0.797529
0.263909
0.263909
0.263909
0.263909
0.527818
0.263909
0.263909
-0.379099
0.263909
0.263909
0.523219
0.263909
0.263909
0.263909
0.263909
0.263909
0.461841
0.769735
0.307894
0.769735
0.153947
0.307894
0.153947
0.153947
0.153947
0.153947
0.153947
0.153947
0.153947
0.153947
-0.044307
0.153947
0.153947
0.307894
0.307894
0.153947
0.153947
0.307894
0.153947
0.153947
0.153947
0.461841
0.461841
0.230920
0.230920
1.847363
0.461841
0.863990
0.461841
0.461841
0.461841
0.461841
0.692761
0.461841
0.717776
0.230920
0.230920
0.230920
0.230920
-1.847363
-0.615788
-0.615788
-0.615788
-0.607641
-0.307894
-0.307894
-0.307894
-0.307894
-0.307894
-0.307894
-0.284210
-1.847363
-0.284210
-0.284210
-0.284210
-0.284210
-0.284210
-0.142105
-0.142105
-0.142105
-0.142105
-0.142105
-0.142105
-0.142105
-0.142105
-0.142105
-0.142105
0.167314
0.408989
-0.142105
-0.133128
-0.205263
-0.205263
-0.205263
-0.205263
-0.205263
-0.205263
-0.205263
-0.205263
-0.205263
-0.205263
-0.205263
-0.205263
-0.205263
-0.205263
-0.205263
-0.821050
-0.410525
-0.205263
-0.410525
-0.205263
-0.410525
-0.410525
-0.410525
-0.410525
-0.410525
-0.205263
-0.615788
-0.410525
-0.354457
-0.205263
-0.205263
-0.205263
-0.205263
-0.410525
-0.205263
-1.847363
-1.108418
-1.453275
-1.102040
-0.738945
-1.222878
-0.000000
-0.451933
-0.738945
-0.369473
-0.369473
-0.369473
-0.369473
-0.369473
-0.369473
-0.369473
-0.369473
-0.659773
-1.873560
-0.263909
-0.527818
-0.131955
-0.263909
-0.291161
-0.131955
-0.131955
-0.131955
-0.131955
-0.131955
-0.131955
-0.263909
-0.395864
-0.263909
-0.131955
-0.131955
-0.131955
-0.131955
-0.131955
-0.131955
-0.131955
-0.410525
-1.231576
-1.847363
-1.026313
-1.063372
-0.615788
-0.615788
-0.850697
-0.205263
-0.789473
-0.205263
-0.205263
-0.205263
-0.205263
-0.205263
0.221536
-0.205263
-0.205263
-0.205263
-0.205263
-0.205263
-0.205263
-0.205263
-0.205263
-0.205263
-0.205263
-0.205263
-0.205263
-0.205263
0.923682
0.461841
0.461841
0.461841
0.461841
0.461841
0.923682
1.025394
0.930450
0.942534
1.116540
0.923682
0.923682
1.116540
0.369473
1.807732
0.369473
0.369473
0.903866
0.153947
0.153947
0.153947
0.153947
0.153947
0.153947
0.451933
0.153947
0.153947
0.153947
0.307894
0.153947
0.153947
-0.012084
0.153947
0.153947
0.153947
0.307894
0.307894
0.153947
0.153947
0.153947
0.153947
0.153947
0.153947
0.153947
0.153947
0.153947
0.153947
0.307894
0.153947
0.153947
0.153947
0.153947
0.153947
0.263909
0.263909
0.369473
1.108418
0.369473
0.369473
0.369473
0.369473
0.369473
0.369473
0.369473
0.369473
0.369473
-0.000000
0.850697
-0.178777
-0.059592
-0.119185
-0.119185
-0.059592
-0.196459
-0.059592
-0.059592
-0.059592
-0.059592
-0.059592
-0.059592
-0.335884
-0.335884
-0.335884
-0.503826
-0.335884
-0.131588
-0.167942
-1.152868
0.109657
-0.167942
-0.167942
-0.167942
-0.335884
-0.503826
-0.167942
-0.167942
-0.167942
-0.167942
-0.167942
-0.167942
-0.167942
-0.167942
-0.167942
-0.167942
-0.167942
-0.167942
-0.783028
-0.167942
-0.167942
-0.167942
-0.167942
-0.335884
0.174006
-0.167942
-0.167942
-0.167942
-0.644468
-0.167942
-0.167942
-0.671768
-0.503826
-0.335884
-0.167942
-0.322234
-0.167942
-0.167942
-0.167942
-0.167942
-0.167942
-0.167942
-0.322234
-0.167942
-0.167942
-0.167942
-0.167942
-0.167942
-0.671768
0.145005
-0.167942
-0.167942
-0.503826
-0.335884
-0.167942
-0.277927
-0.167942
-0.335884
-0.671768
-0.167942
-0.167942
-0.503826
-0.335884
-0.167942
-0.167942
-0.167942
-0.167942
-0.167942
-0.167942
-0.167942
-0.205263
-0.410525
-0.410525
-0.205263
-0.205263
-0.205263
-0.205263
-0.205263
-0.205263
-0.205263
-0.205263
-0.205263
-0.205263
-0.205263
-0.205263
-0.410525
-0.410525
-0.205263
-0.205263
-0.205263
-0.205263
-0.205263
-0.205263
-0.205263
-0.205263
-0.205263
-0.205263
-1.108418
-1.477891
-0.738945
-0.738945
-0.738945
-0.738945
-0.369473
-0.369473
-0.369473
-0.369473
-0.369473
-0.369473
-0.369473
-0.369473
-0.369473
-0.369473
-0.369473
-0.369473
-0.369473
-0.369473
-0.369473
-0.369473
-0.369473
-0.369473
-0.369473
-0.369473
-0.307894
-0.307894
-0.307894
-0.307894
-0.307894
-0.307894
-0.307894
-1.231576
-0.307894
-0.307894
-0.410848
-0.307894
-0.307894
-0.307894
-0.307894
-0.307894
-0.307894
-0.307894
-0.615788
-0.307894
-0.307894
-0.675485
-0.307894
-0.307894
-0.307894
-0.307894
-0.307894
0.461841
0.461841
0.461841
0.461841
0.461841
0.461841
0.461841
0.461841
0.461841
0.461841
0.461841
0.738945
0.369473
0.369473
0.738945
0.369473
0.738945
0.369473
0.738945
0.584854
0.369473
0.369473
0.369473
0.369473
0.369473
0.369473
0.369473
0.369473
0.369473
0.369473
0.369473
0.335884
0.167942
0.167942
0.167942
0.167942
0.167942
0.167942
0.167942
0.167942
0.167942
0.167942
0.167942
0.167942
0.167942
0.167942
0.167942
0.167942
0.167942
0.167942
0.335884
0.167942
0.167942
0.167942
0.167942
0.167942
0.167942
0.167942
0.167942
0.167942
0.167942
0.167942
0.167942
0.167942
0.167942
0.167942
0.167942
0.167942
0.615788
0.615788
0.615788
0.615788
0.615788
0.615788
0.615788
0.918367
0.615788
0.615788
0.615788
0.615788
0.615788
0.615788
0.615788
0.615788
0.615788
0.615788
0.615788
0.615788
0.615788
-0.461841
-0.153947
-0.153947
-0.307894
-0.153947
-0.153947
-0.153947
-0.153947
-0.153947
-0.153947
0.186090
-0.930450
-0.153947
-0.153947
-0.153947
-0.153947
0.132921
-0.307894
-0.153947
-0.307894
-0.307894
-0.307894
-0.153947
-0.153947
-0.153947
-0.153947
-1.847363
-0.923682
-0.923682
-1.385522
-0.461841
-0.461841
-0.461841
-0.461841
-0.461841
-1.847363
-0.503826
-0.167942
-0.167942
-0.167942
-0.167942
-0.167942
-0.503826
-0.167942
-0.335884
-0.167942
-0.167942
-0.167942
-0.167942
-0.167942
-0.167942
-0.167942
-0.167942
-0.167942
-0.167942
-0.167942
-0.335884
-0.167942
-0.167942
-0.167942
-0.167942
-0.167942
-0.167942
-0.167942
-0.167942
-0.167942
-0.167942
-0.167942
-0.167942
-0.167942
-0.167942
-0.167942
-0.167942
-0.167942
-0.167942
-0.167942
-0.167942
-0.167942
-0.167942
-0.167942
0.923682
0.923682
0.923682
0.738945
0.369473
0.369473
0.717776
0.369473
0.461841
0.923682
0.461841
0.461841
0.461841
0.461841
0.461841
0.461841
0.461841
0.461841
0.461841
0.307894
0.307894
0.307894
0.615788
0.307894
0.307894
0.307894
0.307894
0.307894
0.307894
0.307894
0.307894
0.307894
0.307894
0.307894
0.307894
0.307894
0.307894
0.307894
0.307894
0.307894
0.307894
0.307894
0.307894
0.307894
0.615788
0.307894
0.461841
0.461841
0.461841
0.461841
0.461841
