-0.000000
-0.576369
-3.546098
-5.957036
-7.181330
1.407914
-2.380639
0.333663
2.233173
-0.195444
-4.883620
-5.263962
-0.043283
-1.666370
-1.203002
4.830887
-2.198074
-1.508610
0.398801
-0.524153
-0.837468
-3.610504
1.949158
-1.326427
1.252606
-1.305234
-4.187822
-3.212460
-1.267185
-2.536215
-1.048305
2.808496
3.137137
-0.524153
-9.593439
0.706570
-4.271418
-0.524153
-0.533898
-1.033289
-2.898899
8.675971
-0.524153
-0.665314
-0.524153
-2.651265
-3.084852
-7.582108
-3.561761
4.382712
4.183930
-1.311338
-2.319064
-0.524153
1.724869
3.713781
-9.032565
-1.673698
-2.968009
-0.876834
-1.034437
-6.309319
-1.549891
-3.611470
-3.570091
-1.474934
2.864419
-1.131415
-3.692259
1.014206
-0.965123
-2.171063
0.338923
-1.048305
-0.225411
3.621130
-8.850089
1.075766
-3.190584
-1.572458
-3.144916
-0.646523
-0.000000
-4.925148
-0.524153
-0.976719
-0.524153
-0.938721
-1.572458
0.692857
-1.839586
-4.332826
-1.818772
2.682767
-3.599587
3.365741
1.283408
-1.178324
0.701164
0.355265
1.042776
-0.724106
-0.524153
-0.524153
-0.867158
0.764607
-0.524153
-0.524153
0.561405
-0.524153
-1.528870
-0.524153
3.563921
-5.105941
-1.965297
0.175175
-0.524153
-4.893998
-3.318291
0.348855
-0.524153
-0.524153
-0.524153
-0.524153
-2.683551
-1.312441
-0.524153
-0.524153
-1.818772
0.362053
-1.213189
-0.491215
1.745532
-0.332091
-0.524153
2.988324
3.004782
-1.677964
0.594745
-0.281767
0.362053
-0.524153
4.092963
0.180756
-2.293685
-1.376968
-0.524153
0.056571
3.692142
-2.009541
-0.239485
-0.524153
0.377622
-2.162243
-4.833755
-1.610701
0.516947
-1.251615
-1.350784
-1.452781
0.364208
0.301248
-1.493468
-0.011231
0.542070
-3.358944
3.090110
-0.152392
2.437569
-1.886950
-0.836602
-4.043143
2.836019
-2.300772
1.264017
2.447632
-0.397623
-0.471737
-6.082591
0.708605
-0.706849
3.232881
-5.277974
-0.262663
5.673366
-4.868423
-3.372245
-1.256790
-0.471737
-0.471737
3.284506
0.762751
-0.481293
-5.793252
-1.693666
-1.350784
0.268083
-0.944588
-0.855205
-0.195163
3.137597
-1.571050
-2.443856
1.371525
-0.922951
2.215459
-1.086158
-0.471737
-0.471737
-0.361187
-0.471737
1.414366
2.418851
0.174561
-1.644193
-0.000000
-0.471737
0.289547
-0.276346
-1.141868
1.666055
2.629862
-0.471737
0.471063
-0.471737
0.045176
-6.490296
0.573395
-0.471737
-5.491785
1.793365
-0.471737
7.335379
-0.471737
-0.471737
-0.471737
-4.714476
0.394900
0.030725
0.356396
-1.047261
-0.471737
1.662262
-0.471737
-0.471737
-0.152741
-0.471737
-5.278769
3.036981
-3.621687
-2.028040
-0.471737
-0.471737
0.053744
-0.471737
-0.471737
-5.197409
2.674402
0.610964
-0.471737
-0.471737
7.471234
-2.284061
-1.053608
0.885961
1.564809
-2.816103
-1.958328
-0.471737
2.191578
-0.601266
-7.164604
-0.782226
5.830512
-3.631269
1.855348
0.889384
-3.297266
-1.034437
1.971987
-8.398093
-0.984653
-0.673911
-1.322433
-3.084660
-1.911146
0.894136
4.281287
2.082334
-1.347821
-4.846797
0.512213
0.577846
-0.988040
-1.561315
-0.174561
-0.673911
-2.720748
1.288907
-1.378099
-0.791204
0.356312
0.580834
-1.772471
0.403595
3.324890
-0.673911
-6.710678
0.004938
0.936319
1.629800
2.915434
-2.303867
-0.311878
4.671306
-0.171178
8.393150
0.540709
-1.600144
-0.268556
-1.738452
4.433138
-0.517772
-0.673911
-0.583475
-0.383437
-0.673911
-0.302704
0.363370
-0.673911
-2.196092
-3.793984
-1.694625
1.682714
-2.911377
2.086498
-0.389559
-0.852031
-0.673911
-0.673911
-1.552344
4.812774
0.436403
2.448928
-8.111317
-0.433639
-2.830424
-0.418501
-2.226374
-2.604215
-0.943475
-0.478651
-2.704953
3.836841
-2.971162
-2.939842
-11.554966
-5.173447
-4.055526
-0.943475
-0.530038
-0.943475
0.074799
-0.943475
-0.926499
-0.943475
-0.943475
6.960570
-1.860238
-2.245056
-0.943475
-7.177714
-0.186751
0.074799
-0.000000
-0.943475
7.297058
-0.943475
-0.943475
-2.190518
-1.360473
-0.132631
-2.322281
-3.386489
-3.660858
-3.274670
1.271826
-0.786229
-0.446805
-4.570880
-3.966794
-0.914374
-1.392012
-2.279332
-2.579910
-2.522719
-0.786229
-0.786229
-0.616036
-0.786229
-4.244700
-1.915267
-1.572458
-2.728968
-2.759694
3.717114
-6.128822
-2.176659
-1.778604
-1.949970
2.952155
-1.209167
-4.251390
-3.201628
-0.786229
-1.099045
-1.600848
-0.893054
-1.357698
-12.946891
-0.533381
-0.357934
-4.751943
-1.178256
-2.838422
0.530730
-0.308568
2.252782
-1.015241
-0.786229
-0.786229
-0.786229
-1.755986
-2.486376
-1.412859
-9.150585
-1.600848
-1.545507
-5.767540
-2.677460
-1.949970
-0.214760
-0.786229
-0.786229
-3.038716
-1.347821
0.530573
-6.128406
-2.688022
4.211186
-0.001877
-2.187014
-6.742165
-5.193118
1.702586
-2.021732
-1.730009
-1.144066
-0.160712
-7.603058
-2.021732
-1.606385
-1.600144
-0.673911
-1.613719
-0.785525
-1.322433
-1.347821
0.451983
-2.091593
-0.673911
-0.673911
-1.034437
3.563636
4.803001
-0.673911
-1.119903
-0.673911
-2.786828
-2.703587
-3.573199
-0.673911
-2.864320
-0.673911
-0.673911
-2.548301
-8.424429
-1.330413
-1.764137
-1.034437
-1.800387
-1.296104
-0.673911
1.314623
-1.692184
-0.673911
-1.652100
-0.211589
-3.065153
-0.872806
-1.260719
-0.174561
-1.616307
-0.673911
-0.673911
0.337397
-0.673911
-0.673911
-1.034437
-0.574957
-4.477876
-0.388996
3.116280
-0.673911
-0.673911
-0.673911
-0.673911
-0.160519
-0.673911
3.094079
-1.202154
-2.371928
2.343878
-0.023010
3.732972
-1.709383
-2.585216
-0.132008
-0.338454
19.368791
-0.385065
-0.673911
-0.187608
-0.554471
-0.673911
-0.673911
-0.673911
-0.673911
0.678060
-0.673911
-0.673911
-1.175593
-3.254067
-0.989180
-0.673911
4.690489
4.552005
-0.673911
-0.673911
-2.553765
-2.230504
-4.970444
3.924101
3.481186
-2.096611
-1.822918
-1.572458
-1.290741
-0.671935
-0.524153
-7.158933
5.855216
-0.524153
1.399154
1.445250
-2.608334
-0.666939
4.555260
1.087795
-3.866299
-11.023142
-1.872228
-0.874486
-0.743501
-3.537665
-1.470839
-2.674253
-1.332083
-4.650420
0.346267
4.459294
1.129863
-0.884747
-1.338771
0.056592
-1.048305
-2.495414
-2.912834
0.023964
-0.524153
-1.485116
-6.442826
-2.448241
3.483932
3.703031
-0.524153
-2.258797
-0.524153
-3.685280
0.033237
-1.730767
-1.318584
-0.524153
-3.534019
-2.857643
-3.930406
-0.524153
-1.248013
-3.520204
-0.524153
-3.335196
-0.629657
-0.751517
-4.057113
0.592568
5.062146
-5.366549
-0.524153
-6.708697
-1.628325
-0.524153
-1.687894
-2.016272
0.375587
19.801218
5.329499
18.947628
7.049751
1.572458
9.820263
4.334153
13.252204
17.942554
3.394245
9.985351
6.067913
7.838833
5.765702
6.633414
6.661486
21.772506
0.610755
0.805350
4.652762
1.572458
4.746785
1.572458
11.259997
2.184126
-1.965055
8.349625
9.232237
7.951146
2.251307
1.572458
-5.364422
-5.244421
-0.471737
-1.086158
-4.938239
-4.891919
-2.062323
2.426102
-2.234295
-3.184483
3.303313
-0.879047
0.885961
-0.943475
-0.471737
-1.349706
-0.125642
-1.399334
-4.476526
-1.577521
3.345223
-2.743051
1.663150
-0.471737
-0.471737
-0.471737
5.214725
-1.242339
-2.413659
-2.124551
-1.319241
-1.860155
-3.373672
-0.471737
-0.859875
-2.508284
-0.471737
-2.746334
0.885961
-0.471737
-0.976274
5.272255
-0.471737
-0.132313
-1.235093
-2.186462
-0.471737
-0.379729
-4.483666
-3.305444
-0.673911
-0.673911
-0.673911
-4.327913
-1.347821
-1.500629
-1.347821
-2.560230
-0.673911
-0.673911
-0.673911
-1.785421
-0.673911
-0.673911
-1.446175
-2.710457
-0.895185
-1.649239
-5.430405
-1.552044
6.159411
-1.347821
-2.645534
-1.980255
3.904296
1.655157
-0.310331
-1.170652
-1.034437
-0.869546
-0.673911
-0.673911
-0.673911
-1.347821
-2.036547
-0.673911
-0.673911
-0.050603
-0.993267
-0.673911
-0.673911
-0.673911
0.950688
1.788623
-0.652639
-0.673911
-0.673911
-4.654964
-0.673911
-0.436512
-1.128065
-0.673911
-4.427966
-2.695642
6.330275
-0.673911
-0.673911
-0.323717
0.377155
1.288556
-0.673911
4.728616
-1.347821
-5.313587
-0.673911
-0.673911
-0.673911
-3.200902
-1.534022
-1.385946
-0.673911
0.353516
-0.673911
-1.034437
0.819557
-0.673911
-1.260719
-0.673911
-0.673911
-1.034437
-2.120756
-0.673911
-0.914579
-0.092040
-0.673911
-0.673911
-0.673911
1.177041
-1.034437
0.958750
-0.673911
-0.673911
-0.221345
-0.673911
-1.571050
-0.775827
-0.673911
-0.673911
-0.673911
-0.673911
-0.673911
-2.211108
-0.673911
-0.673911
4.412780
-1.163741
-0.785525
-1.347821
-0.673911
-0.200227
-0.673911
-0.673911
-5.079529
-2.141594
-0.673911
-1.320076
-0.673911
-0.673911
-0.547484
-0.673911
-0.673911
-2.039582
-0.673911
-0.673911
-0.673911
-0.673911
-0.673911
-0.673911
-0.872806
-0.130621
0.140708
0.853500
-0.952152
-0.673911
-0.673911
0.004938
-0.129305
-6.168167
-1.260719
-1.396489
-0.673911
-1.533141
-0.673911
-0.673911
-0.673911
0.483670
0.914350
-0.673911
3.379392
-1.946816
-0.673911
3.326439
0.344363
-0.673911
-0.291094
-0.673911
0.167346
-6.072642
-0.579083
-0.673911
-2.696251
-3.297266
-2.074568
-1.714110
2.346835
-2.021234
-0.796244
-0.673911
-0.673911
-0.673911
-0.673911
-0.673911
0.208877
-0.673911
-0.673911
-0.686440
-2.031608
-0.673911
0.135328
-3.024553
-0.477978
-0.673911
-1.347821
-1.935224
-1.662929
-2.419522
-3.030134
-1.347821
4.294979
2.829072
-0.673911
-0.968982
-1.338604
-0.673911
-0.268556
-0.673911
2.597614
1.265658
-0.673911
-4.542038
-2.031608
0.286858
15.119240
1.516288
-0.673911
0.118807
-0.763913
-1.260719
1.842543
-0.170233
-0.673911
-0.673911
-0.673911
-1.698498
-0.673911
-0.783842
4.486120
-0.630703
-1.572458
-2.036547
-0.786229
-3.099275
-4.717374
-3.220868
-1.810264
-1.572458
-1.572458
-3.631033
-1.021505
-6.400452
-0.246854
-0.212812
-1.329308
6.167975
-0.407309
-2.131662
-2.419804
-0.786229
-0.786229
-1.049130
-4.744957
-1.513688
0.910893
0.430940
-0.786229
-0.786229
-4.502710
0.339424
-1.293735
-1.676057
-0.786229
-1.465078
-1.882685
-1.049130
0.813375
-0.786229
-1.423936
-2.897739
-1.572458
-0.308568
-8.462483
-0.786229
5.870746
-4.099645
2.372590
4.717374
4.245880
1.832892
2.358687
0.479259
2.676192
12.748422
1.227272
2.358687
2.443856
2.491168
4.717374
2.940558
2.634260
5.427635
2.358687
15.196308
2.358687
0.043859
13.721787
8.205808
4.171723
0.236275
-6.693356
1.612547
-1.010866
5.651257
-6.792999
-1.010866
5.007034
-2.387924
-7.515380
-1.120069
-0.624836
-0.673911
-0.336955
-0.934055
-13.605564
-0.789521
2.915387
-0.336955
-0.169360
-3.050431
-0.362522
-1.355229
-0.336955
1.542966
-2.674507
-1.999820
16.554915
-0.086927
1.206765
-0.284022
0.523683
0.336657
-0.336955
-1.334289
0.126871
4.720055
4.730494
-0.336955
-0.336955
-0.336955
-0.264015
0.289929
-0.336955
-1.010866
-0.322709
-0.336955
-0.307714
-1.207801
-0.872806
-0.336955
-2.045302
-0.336955
-0.336955
-0.336955
0.447481
2.711941
-0.825725
-0.336955
0.749029
-0.336955
1.509520
-0.336955
-0.505309
-0.644996
-1.949445
0.937437
0.068575
-0.336955
-0.336955
-0.336955
-0.336955
-1.290741
2.717143
-0.336955
1.039048
-5.726665
0.523683
-0.336955
-0.838228
-0.336955
0.727338
-0.336955
-0.336955
-0.336955
-0.438244
-0.336955
0.598482
-3.094688
-2.780812
-0.336955
-3.961723
3.062577
-2.142342
-0.969784
0.024546
-0.969784
-0.336955
-0.336955
6.635350
0.155855
-1.518420
-2.112122
-0.673911
-3.297266
-5.664012
-0.004759
-0.676380
-0.336955
-5.960575
0.856577
-1.025236
-8.311802
-1.883126
-3.483589
-0.336955
-0.336955
-0.057356
-0.336955
-0.336955
-0.981307
-0.336955
-1.619294
-2.216631
-1.289179
-0.336955
-0.336955
-1.362636
-4.830592
-1.015804
-5.401914
-0.336955
-1.679590
2.496727
-0.336955
3.103376
0.416099
1.373245
-0.707237
-0.336955
-0.336955
-0.336955
2.637095
-0.336955
-0.986583
-8.201503
-1.255781
-0.336955
1.029467
0.727338
-0.492123
-0.336955
-0.336955
1.505196
-0.137718
1.669737
4.408560
0.552073
0.640763
-0.336955
-0.918826
17.976874
-0.336955
-0.336955
-0.336955
-0.336955
-0.336955
-1.120591
-0.336955
-0.336955
-0.336955
-0.789521
-0.603994
-0.336955
-0.336955
-3.015753
-0.559449
-0.378258
-1.593527
-1.105554
-2.904826
-0.524153
-2.096611
-4.717374
-3.998221
-0.524153
-0.524153
-1.362746
-1.350357
-0.524153
-0.524153
-0.517994
0.626843
-0.790961
0.486717
7.189954
-0.524153
-1.193128
-0.524153
-0.524153
0.329061
-5.038305
0.850934
-0.292116
12.759306
-1.048305
-0.862559
-0.524153
-0.524153
4.999831
-0.524153
-0.524153
-0.524153
-0.524153
0.057718
-1.131415
-0.524153
1.434507
-2.896422
-2.853331
-0.524153
-1.006934
-0.524153
-0.524153
-1.470839
0.565707
-0.524153
1.437417
-0.524153
-0.524153
-0.524153
-1.810264
-0.524153
-0.256142
-0.524153
-2.487437
-1.034193
-0.524153
0.421242
-0.524153
-1.216261
0.257505
1.989088
-2.212555
-0.524153
-1.948240
-0.524153
0.645371
-3.266856
0.143742
-0.524153
-0.524153
-0.524153
2.826593
0.920288
2.403709
-0.542610
-1.267185
-0.524153
-0.524153
-2.489113
-0.961703
-0.646523
-0.524153
0.952448
-1.560017
-0.524153
-0.524153
-0.524153
-0.524153
-0.116843
-0.524153
0.801611
-1.485953
1.512394
-0.524153
-1.048305
2.857021
2.786350
-2.193199
-1.513891
-0.524153
-0.524153
-0.524153
-2.499003
-1.512394
-1.542426
-0.524153
-0.524153
-0.811914
-1.048305
-0.523908
-0.524153
0.565707
-0.524153
-0.733241
-0.524153
-2.799330
-0.753910
-1.810264
-2.462005
0.226283
0.393115
-0.431671
1.929167
0.053690
3.387159
22.886739
1.975882
-0.030857
1.179344
-0.030857
0.296136
-1.082600
1.641845
7.809971
1.416882
0.393115
0.274858
-0.968751
0.393115
2.789092
2.686863
0.393115
-0.625159
-1.717278
0.393115
1.342617
10.889405
0.393115
2.119197
-1.453044
4.608580
-0.102391
2.413025
-0.743927
1.413504
0.540612
0.393115
0.393115
3.690689
3.567251
3.728538
-0.781086
4.439394
1.148019
-3.282901
1.428672
4.556264
0.786229
1.980690
0.285734
0.475194
-0.074982
-0.074630
-0.759970
3.202906
1.963645
0.640445
0.970345
0.998222
0.113141
0.393115
-0.668788
-1.257264
2.375971
1.665068
0.393115
1.179344
0.643362
-2.804055
3.259962
5.876044
0.400235
-0.339424
-0.232044
1.419411
0.680340
0.619958
10.092337
-5.670838
-0.113141
9.281221
24.002498
4.725405
0.393115
3.098972
0.609732
0.851502
2.025135
0.540612
2.458492
-1.763611
-3.481256
-0.517682
-0.989110
-0.248283
-0.753096
2.036402
-0.496566
-1.569270
0.966203
-0.347740
-0.496566
-1.169309
-0.496566
-0.248283
-0.560712
-0.248283
-0.248283
-0.523766
-0.248283
-0.248283
-0.248283
-0.063142
-2.663011
-1.982435
0.825229
-0.108616
-0.013186
-5.711536
1.093383
-0.389075
-0.270283
0.600245
-1.953051
-0.248283
3.406208
-3.460042
-0.248283
-0.248283
0.621510
0.596094
0.796479
-0.505309
-0.248283
0.829029
-0.248283
-0.700286
0.624821
1.097619
0.250102
-2.164556
-0.248283
0.076562
-0.248283
-1.572071
-2.059117
-0.248283
2.797636
-0.248283
-0.248283
1.828519
-0.248283
-1.627981
-0.248283
-1.028992
-0.431655
-0.700849
-1.124031
-1.841931
-1.123195
-0.248283
-1.028992
-0.837077
-0.248283
0.566336
-0.248283
0.101108
1.369806
-0.744849
-0.248283
-0.248283
-0.618564
-0.248283
-0.248283
0.155908
-2.758713
0.826250
-0.248283
-0.744849
-0.248283
-0.248283
-0.606468
-1.814834
-1.262292
6.457241
0.256901
-1.290360
0.813521
-0.927913
-0.248283
-1.605981
-0.248283
-0.391698
-0.496566
-0.248283
-0.248283
-0.248283
1.013111
-1.266556
-0.527688
-2.971587
-1.786472
-1.461811
-2.636455
1.109415
-0.248283
-1.336036
-1.650815
-0.248283
-0.248283
-0.248283
-0.496566
-0.286624
-0.248283
-2.316334
-0.248283
2.794071
-2.171198
-1.673023
-0.584655
-0.957190
-0.248283
6.916264
-0.248283
0.098942
2.320002
-0.248283
-0.248283
-2.658230
-0.248283
-0.248283
-0.248283
-4.276803
-0.248283
-0.248283
-0.496566
-0.830153
-0.248283
-0.666939
-0.020228
0.040195
0.098942
1.797698
-0.248283
-0.248283
-0.078604
-0.926609
-1.241798
4.151169
-0.768615
-0.248283
-1.332011
-0.347019
-0.248283
9.149171
0.558953
-0.248283
-0.248283
1.822174
-0.553798
-0.248283
-1.605981
-1.015489
-0.248283
-0.248283
-0.248283
-0.248283
-0.248283
-0.248283
1.143325
-0.248283
-0.248283
-0.321701
-0.248283
-0.703417
0.150735
-0.248283
-0.248283
-0.248283
0.581181
2.204962
-0.248283
-0.248283
-0.248283
-0.248283
-1.303402
1.191775
-0.248283
-0.248283
-0.248283
-0.248283
-1.435195
-0.248283
-0.248283
-0.248283
0.769991
2.637018
-0.248283
-0.700849
1.012437
-0.664635
-0.864949
-0.248283
1.844713
-0.248283
-0.146326
-0.536206
0.914374
-0.248283
-0.248283
-1.705168
0.600245
-0.248283
1.707087
7.321030
-1.964976
-0.248283
0.260854
-0.929682
-0.248283
-0.010719
-0.248283
0.743602
-0.893222
-0.584655
-0.812324
7.509493
-0.248283
-0.248283
-0.248283
4.674757
-2.456669
-0.248283
-0.986583
-0.666939
-1.291497
-0.248283
1.109059
2.039414
-1.077500
-0.248283
-0.248283
0.609961
-0.248283
-2.218833
-0.248283
1.244290
-0.248283
-0.700849
0.192936
-1.048305
-2.565886
-0.165114
-2.395928
-3.695816
-1.682959
-3.231361
-0.524153
0.184728
0.154696
-2.595018
-0.524153
-0.524153
-1.210667
-0.524153
-0.524153
0.205345
-0.524153
-0.524153
-0.495273
-1.572458
-0.524153
-0.836541
-1.512394
-0.841028
2.001534
0.458806
-0.524153
-1.737979
3.060140
-15.157887
-4.490848
-0.628983
-4.577848
0.302530
6.370053
-6.048593
-0.995645
-1.377564
-0.314492
-0.678849
-1.665163
4.771904
0.746734
-0.314492
1.086158
-0.314492
0.407531
-0.110993
-0.314492
1.556608
0.997369
-3.059139
-4.926060
-0.176883
-0.314492
-5.810030
0.962948
-3.844139
1.866798
2.353203
0.472294
0.892201
-0.314492
-0.314492
-1.691218
0.214760
1.765007
-0.668419
-0.314492
-2.191895
-0.628983
-0.314492
-0.314492
0.052333
-1.737979
-0.314492
0.448600
-2.182526
-0.314492
2.936878
-3.029887
0.452096
-2.555609
-2.358687
1.966401
-0.305762
-0.786229
-0.786229
-0.786229
-1.572458
-0.786229
-1.242449
-0.786229
-1.572458
-3.147391
-0.786229
-0.786229
-0.786229
-0.365534
-0.786229
-0.582758
-0.786229
-0.786229
-0.858963
-2.859063
-2.358687
-0.786229
-1.572458
-1.600848
-0.786229
-0.786229
-0.721158
-0.848561
-0.271158
-1.572458
-0.786229
0.299929
-4.357262
-16.246025
-2.587918
-0.786229
-0.786229
0.678849
-2.822776
-2.362700
-0.786229
-1.001150
-0.786229
-0.912730
-2.872677
-1.899201
-1.243087
-0.336955
-0.673911
-1.684776
-0.336955
-0.336955
-1.687246
-0.673911
-0.085137
-3.910701
-3.706508
-5.528416
-1.777469
-0.336955
-1.320076
-0.673911
-0.331219
-2.836350
-1.412092
1.637954
-2.059319
-1.604291
-4.829672
-1.469903
-3.737556
-0.468026
-2.327482
-0.673911
-0.336955
-0.336955
-0.174561
1.161667
-0.735563
-0.661217
3.937770
2.645070
2.960311
-0.336955
-0.915253
-0.137537
1.070729
-0.094509
-2.034078
-2.171065
-1.971641
1.767834
-1.477375
-0.336955
-0.336955
-0.931020
1.328465
-0.336955
-0.145468
-0.673911
-0.661217
-0.336955
-0.374022
-0.336955
1.066763
-0.336955
-0.644943
-0.336955
-0.019396
1.244901
3.301469
-0.336955
-0.336955
-0.336955
-0.336955
-0.336955
4.970346
-0.336955
0.597259
-0.336955
-0.336955
-0.336955
-0.336955
-0.336955
-0.969784
0.427986
-0.789521
-0.336955
-0.733376
-0.336955
-0.336955
-1.650948
-0.743501
-1.216070
-0.461052
-1.510311
-1.347821
-0.336955
0.872806
-0.673911
1.326401
0.292110
2.998059
-0.336955
-1.040756
-0.733685
-4.392834
-1.042196
3.110223
0.879583
-0.235869
-4.584105
-2.301173
-2.866436
0.651800
-0.389461
-6.540122
-2.750730
-9.426016
2.924631
-0.235869
3.524960
-0.235869
0.216697
-1.070186
-3.316556
-3.590119
-1.050487
-0.519934
1.047261
-0.656221
2.925671
0.795423
-2.623179
-0.707606
-3.231628
-1.754637
-2.411306
-2.193057
1.654629
0.059733
0.135770
0.110748
-2.921404
-0.235869
1.417976
-1.367396
-0.954915
-0.332367
-0.380746
-1.018273
-0.235869
-0.235869
-2.006981
-0.235869
-0.235869
-0.235869
0.024829
-0.235869
-0.235869
-1.504256
-0.000000
-0.643178
-1.950715
-0.494590
-0.296708
-0.235869
-2.635671
-0.235869
-0.235869
-0.549184
-0.235869
0.193774
-0.288824
0.645985
-0.235869
-0.235869
-1.506110
-2.453105
-0.119555
-1.684478
1.117307
2.342079
-0.763302
-0.235869
-1.116122
-0.235869
0.639354
0.905122
-0.235869
-3.290689
2.001014
-0.656221
-2.648953
-2.875791
1.025621
-0.000000
-0.729791
-0.656221
-0.236506
-0.471737
0.431821
0.766819
0.132008
2.084643
-0.235869
-0.235869
-1.221928
0.403223
-0.416534
-1.819850
-0.235869
-0.149842
0.135770
-0.235869
-0.914718
-0.235869
0.407309
-0.050728
0.237474
-0.235869
-0.621394
2.331116
-0.702816
-0.944217
-0.235869
4.398050
-2.667728
1.346593
-0.235869
-1.108787
-0.025300
2.247526
0.487228
-0.235869
0.610964
-0.785525
-0.235869
3.043297
4.648266
17.955521
8.092893
1.902907
4.618509
8.881907
5.172178
3.144916
1.582860
17.002841
3.144916
0.471737
1.415212
4.706087
0.520830
2.332030
11.279341
-0.703562
3.092526
0.980689
0.980874
0.610964
0.471737
0.059654
6.784527
1.829435
1.468167
18.365493
1.243220
19.476378
0.080339
4.907734
3.085490
0.471737
5.444380
-1.267037
1.937712
2.217728
0.471737
10.509734
8.870536
1.221928
3.785247
4.639745
2.133334
11.397326
5.411371
0.471737
9.730555
2.408607
3.530015
0.471737
3.738432
0.471737
1.880652
-0.743676
0.958017
4.206060
3.049526
0.037028
0.471737
0.471737
0.471737
3.609631
-0.271540
0.585663
0.471737
2.642751
1.144066
0.471737
-1.928525
-1.822529
-13.545139
-0.010885
0.471737
0.794420
0.471737
0.471737
1.014817
6.934117
2.643319
0.471737
1.286356
0.471737
0.471737
2.059384
0.471737
5.513740
2.349736
2.049719
1.425583
4.034422
5.198113
1.286356
5.176774
-0.460296
0.720624
2.057288
0.471737
8.892058
2.736199
1.572458
10.232474
1.572458
1.572458
6.981737
20.631733
4.889581
2.262830
2.081595
-1.194915
-0.153018
1.537289
0.428852
-1.570667
-1.069353
0.683596
0.509248
1.943950
1.070423
-0.000000
0.428852
0.018072
0.428852
0.428852
-0.485318
0.428852
-2.036570
2.099592
1.272984
1.610775
0.428852
0.428852
0.428852
1.476950
0.428852
0.244640
0.428852
3.122300
-0.709359
-0.311710
0.485557
1.081602
-7.262937
0.857704
0.428852
0.428852
-1.762549
3.108180
0.428852
0.883179
-0.160705
-0.796927
-0.153018
0.479956
0.428852
0.428852
1.333984
1.133986
-0.308568
0.428852
0.428852
0.624850
0.428852
1.772845
2.406828
-0.367444
0.052867
0.096978
0.336955
0.336955
0.336955
0.336955
1.193098
0.056919
0.336955
0.336955
0.336955
4.410049
-0.070354
0.336955
0.245455
0.052867
11.009643
13.014686
0.168478
3.240041
-0.710254
1.913006
0.505433
1.387853
0.142559
0.168478
0.847327
8.940322
-0.201804
0.168478
0.801823
-4.576460
0.168478
-5.125435
-1.212230
0.168478
0.654604
0.168478
0.900329
0.168478
0.168478
0.975045
0.168478
0.824317
3.138396
-0.436403
0.621044
0.168478
0.168478
0.168478
4.594684
-3.257603
0.168478
0.336955
0.072685
0.168478
1.304978
0.168478
1.896457
-0.170014
0.168478
1.245821
0.336955
-0.046797
0.336955
0.168478
-0.533381
0.168478
0.168478
0.336955
1.056061
0.168478
-0.495964
-0.459689
8.977459
0.168478
0.168478
-0.522386
0.847327
0.336955
5.472542
0.602243
0.168478
0.168478
2.671845
0.157676
1.340385
0.168478
0.168478
1.390406
4.976193
0.168478
3.996217
0.168478
0.960086
-0.521454
0.168478
-1.641786
0.168478
3.743344
0.417007
-1.178536
0.488024
1.250675
0.168478
6.637933
0.349122
0.914699
4.984257
-0.006593
0.798217
4.246171
0.168478
2.459007
0.677614
1.199589
2.611985
-0.462618
-0.170947
0.770627
1.310433
0.291112
7.697690
0.168478
1.529595
1.294969
0.824317
0.495064
1.186751
0.347224
1.453039
0.336955
0.505433
1.526176
1.865478
1.006328
1.768930
2.291339
3.136693
4.407670
2.883303
-0.340659
1.163741
0.887384
0.168478
0.336955
0.677614
1.713266
0.168478
-0.783629
0.168478
0.168478
2.041748
0.410033
3.776596
-0.340659
-0.161210
2.838653
0.168478
-1.792224
0.168478
0.168478
0.168478
0.168478
-0.820047
0.767409
-2.931554
-1.795199
6.304096
0.654604
0.168478
0.168478
0.168478
0.168478
0.458783
1.233446
0.160108
4.812038
1.937432
1.034437
-0.129305
1.190292
7.040115
0.524153
1.866701
-2.314899
0.524153
2.523988
0.524153
3.318981
0.524153
0.991005
0.524153
1.500764
4.584986
2.152263
4.982216
3.410988
-2.099606
0.524153
0.588336
10.020438
1.267185
0.524153
1.106023
0.524153
0.239688
2.308578
2.418759
1.451500
0.725750
3.795226
0.324942
1.167966
1.211498
3.247189
0.753459
1.127934
1.717048
0.362875
0.181925
-1.159889
0.362875
3.669963
-1.044383
-0.168343
8.247461
0.362875
-0.236447
1.224429
1.127934
0.683596
0.362875
0.870589
-0.086533
0.362875
0.362875
1.616896
1.041724
0.362875
-0.451744
9.387444
-0.376568
0.362875
1.376876
0.452334
1.157443
1.433715
0.362875
-1.977777
0.939945
1.384355
7.564060
0.101731
2.580876
0.362875
0.271760
0.362875
-0.089691
0.638545
-0.406926
-4.267275
0.362875
0.362875
-0.162249
0.362875
1.441249
0.289351
0.362875
-0.027192
2.135102
1.482479
-0.059133
-2.919775
4.744004
4.269272
3.579845
-0.153711
1.728948
5.286569
-4.717374
-7.404929
-0.786229
1.890108
-0.786229
-0.786229
0.181778
-0.620529
-0.333663
-0.786229
-0.786229
-0.786229
-0.786229
2.599826
0.829255
-0.786229
-0.786229
-1.572458
-0.786229
0.004168
-0.786229
-0.786229
-0.786229
0.585502
-0.786229
-1.725071
-0.987339
0.476376
-0.786229
-4.653626
3.088359
-0.786229
-0.786229
-4.169523
-1.260719
-0.786229
-2.547630
1.250318
-2.046949
-0.786229
-1.926894
-3.956720
-1.008576
-3.423371
-0.943475
-1.267185
-0.943475
-0.943475
-1.886950
-1.886950
-1.603293
-2.534547
-0.444338
-3.073474
-0.943475
5.204402
-1.396489
-1.629238
-0.943475
-1.674730
-0.943475
-0.995242
-3.876838
-0.943475
-0.573194
-0.943475
-0.943475
-0.943475
-1.886950
-0.943475
-0.943475
-1.629238
-0.943475
-1.008576
5.293664
5.282126
0.673911
5.336408
0.851174
2.539427
-2.153956
1.978360
7.113510
-0.893813
1.347821
0.673911
1.600144
0.673911
2.603972
2.375578
0.673911
0.673911
-0.344363
0.673911
1.600144
3.172125
0.673911
9.413095
-0.782741
-6.852716
1.306215
-1.040060
1.585508
3.989166
0.673911
0.268556
0.673911
1.041394
0.673911
1.306969
0.673911
1.409330
1.216216
0.528031
0.221345
1.600144
-0.571469
0.786229
3.716385
0.212812
0.333663
0.786229
-1.288075
0.786229
-1.234768
0.786229
0.559300
0.695110
0.786229
0.786229
0.905132
0.786229
-2.631564
0.333663
0.786229
0.367420
0.786229
0.786229
0.786229
1.906835
1.193538
0.786229
1.575989
0.645933
2.359631
6.613618
1.832697
0.786229
0.786229
3.831975
0.786229
1.635784
0.786229
1.652065
4.676634
1.697122
2.358687
-0.323767
-1.143636
2.789010
1.708769
2.947440
3.998734
0.884518
0.235869
0.471737
-0.072823
0.471737
0.471737
0.471737
0.290650
5.867092
2.256498
0.471737
0.471737
2.418934
0.235869
6.803981
-5.560957
0.235869
0.235869
0.037028
9.217004
0.235869
0.235869
-0.109660
0.235869
0.235869
0.471737
-0.177534
-0.933567
-0.123207
0.235869
-4.235469
0.610964
-2.957411
0.240683
0.235869
1.554197
0.914718
0.235869
0.610964
-2.236949
0.235869
0.235869
0.471737
0.471737
-3.543542
1.206679
1.328877
0.543079
0.235869
0.516970
0.235869
3.629306
4.854305
0.235869
0.235869
19.103603
1.293675
0.235869
2.102703
-0.721097
0.235869
-4.011412
0.229246
0.235869
0.688435
3.865982
8.576598
-0.171441
0.235869
0.235869
0.707606
-2.740778
0.235869
0.235869
0.235869
-0.475194
0.235869
1.304008
0.235869
1.050487
0.235869
2.925964
0.718708
0.235869
0.235869
0.235869
0.235869
0.235869
0.235869
0.235869
-0.171441
0.235869
0.235869
-4.502292
0.916446
-0.700623
-0.166627
0.235869
0.235869
0.307497
-1.328665
-0.170324
7.545470
0.235869
0.235869
0.235869
4.790245
-0.273268
-0.346002
-1.154043
0.235869
-0.800846
0.235869
0.235869
-1.534616
0.235869
0.235869
0.235869
0.235869
-0.942965
0.235869
0.235869
-0.203655
2.217728
0.235869
0.235869
0.235869
0.235869
0.235869
0.235869
0.235869
0.235869
0.507408
0.235869
0.235869
0.235869
0.235869
-0.940775
0.235869
2.596910
0.235869
-2.326067
0.471737
-1.149933
0.235869
-1.440824
1.628355
0.235869
0.475194
-5.509108
2.990093
0.235869
0.235869
0.235869
0.235869
-0.273268
0.528443
-2.251315
0.235869
0.544571
0.235869
0.235869
-2.797606
-0.166627
0.637294
0.002467
-4.768218
1.018273
0.235869
0.235869
1.336303
2.523105
0.882504
0.102673
0.235869
0.235869
0.235869
-2.085632
0.235869
0.235869
0.235869
0.235869
0.235869
0.235869
-0.378216
0.235869
4.537255
0.235869
0.235869
0.009698
0.019904
0.235869
0.837471
-0.610964
2.240202
1.817305
0.235869
-0.610964
-1.108864
0.235869
0.800630
0.235869
0.801576
0.235869
0.235869
2.545023
0.235869
0.235869
0.235869
-0.109660
0.235869
0.235869
-0.442980
0.235869
0.235869
0.235869
-0.944588
10.260094
1.363254
0.952877
2.413830
1.686990
0.157246
0.157246
1.363437
0.157246
0.588336
1.514944
4.279364
0.157246
1.644255
-1.064682
1.176117
2.826703
0.937135
0.157246
0.814619
0.157246
0.157246
-0.424625
0.157246
0.157246
6.388399
-0.316796
0.157246
0.690630
0.157246
-0.234511
2.013283
0.157246
1.175519
0.828848
0.157246
0.157246
8.537484
2.514463
0.255591
0.888326
0.157246
1.514944
1.257506
0.157246
0.383529
0.314492
1.643874
2.026892
0.426705
0.157246
0.950389
0.157246
0.157246
0.094215
1.191403
0.314492
0.314492
1.765007
-1.263483
1.493468
-0.548832
0.407309
-1.042054
-0.184811
0.475194
-3.528085
0.157246
-0.041321
0.157246
0.157246
-0.209067
0.526346
-0.678849
0.859040
1.154043
0.157246
1.062378
1.154043
0.475194
0.585664
0.157246
-3.916957
-0.780179
0.922111
-0.975074
0.157246
0.157246
10.481923
5.061856
0.157246
0.157246
0.157246
2.021732
0.673911
-0.704041
1.347821
2.937960
0.673911
0.673911
0.673911
-3.160127
0.703078
0.673911
-0.158692
0.673911
1.692184
1.692184
0.989180
0.673911
0.673911
1.347821
0.673911
0.360596
0.918432
0.673911
-1.952667
6.340798
-1.114731
2.676695
0.673911
-1.293115
-0.293350
-2.239615
-3.522551
0.444338
11.510119
-1.700829
0.943475
0.943475
-0.798022
0.943475
2.619422
2.668433
0.604050
0.943475
0.943475
0.943475
0.943475
1.015806
0.943475
-1.347821
-1.902042
-1.271656
2.463605
-2.520952
-1.692184
-1.347821
0.779733
-0.537458
-1.692184
-0.605835
-1.605556
-0.673911
-0.952152
-1.805326
-3.121298
-1.825091
-8.899262
0.809360
-2.487785
-0.673911
-0.673911
-0.808154
-0.673911
-0.673911
-2.211108
-1.236756
-0.775827
-2.056090
-0.673911
-3.736209
-1.396489
-4.247985
5.267694
-2.093420
-0.673911
-0.673911
-0.585338
-0.673911
-1.058357
-2.021732
-5.341892
-2.681664
-1.396489
-2.021732
6.474445
-0.447628
-1.352760
-0.347226
-1.163741
-4.387826
-0.673911
-2.618417
0.096978
-0.306538
-0.220013
-1.396489
-0.673911
-0.673911
-1.208500
-0.673911
-0.237508
-0.673911
-0.673911
-2.398949
-1.067859
-2.126025
-0.673911
-0.673911
-0.786229
-2.647452
-1.295366
-1.465078
-0.786229
-0.855940
-1.120065
-0.786229
-1.156510
-0.786229
-1.119892
-2.508418
-1.131415
-4.592609
3.508848
-2.979393
-0.786229
-1.357698
-1.368100
-0.786229
-1.697122
-1.572458
-0.786229
-2.213168
0.973226
-0.786229
-8.697784
1.712973
-1.868270
-0.786229
1.192131
-2.489113
-0.589672
-2.358687
-2.358687
-0.589672
-1.388555
-0.000000
-0.589672
-0.589672
-1.761214
-5.057154
-0.589672
-0.589672
-0.774812
-1.832892
-3.271686
-0.589672
-1.091007
-0.589672
-0.589672
-0.589672
-0.589672
-0.589672
-1.187986
-0.568648
-0.589672
-0.589672
-0.589672
-0.589672
-0.797111
-0.348067
0.883837
-0.237597
-0.428852
-0.214426
-2.797594
-0.428852
-2.310302
-0.214426
-1.688816
-0.555422
-0.428852
-0.214426
-0.863990
-0.676665
-0.214426
0.433546
-0.214426
-1.662755
-1.227986
-3.026527
-0.214426
0.752598
-2.456142
-1.719105
-0.628241
-0.214426
-0.214426
-0.214426
-4.533567
1.181700
0.857704
1.031498
0.514280
-0.793076
1.110844
0.857704
0.857704
1.178357
-0.082285
0.428852
-1.477247
0.664572
0.777591
6.474340
0.428852
0.428852
3.437599
0.787178
0.428852
0.346317
-1.834133
-0.592569
6.621313
0.428852
0.428852
0.428852
7.985357
1.691298
0.428852
0.547232
0.428852
0.828848
9.706914
5.720331
1.423114
0.673911
4.943771
2.029139
3.040005
2.216798
1.396489
0.336955
0.673911
2.031608
9.558870
5.149797
6.672903
0.336955
-0.033326
-4.048234
4.766563
0.673911
2.980327
-0.302240
0.846092
2.552966
1.524941
2.327482
0.336955
-0.681318
0.336955
0.336955
0.336955
0.336955
0.336955
0.336955
1.309209
1.309209
-0.294729
-0.115611
2.327482
2.725211
-3.782158
3.920946
0.336955
5.544321
2.851166
2.358687
2.358687
2.358687
2.358687
2.358687
3.054820
2.358687
5.459181
4.717374
2.358687
2.358687
-1.179344
-2.220879
6.387839
2.358687
1.938394
3.173306
2.358687
2.358687
2.358687
2.358687
2.358687
2.358687
2.358687
2.358687
6.523129
2.358687
2.358687
1.648633
2.358687
2.358687
2.358687
2.358687
2.358687
2.867824
2.358687
1.059828
2.358687
2.358687
2.113233
-0.673398
0.628983
0.628983
0.628983
0.863797
0.540775
0.314492
0.314492
3.986161
0.314492
0.628983
-0.038791
1.653148
0.314492
4.071982
0.314492
0.314492
-0.805489
5.890358
-1.032910
-0.266949
0.314492
-0.098742
1.579152
0.314492
0.314492
-0.271540
-2.310986
0.797877
0.314492
0.314492
-0.082238
1.012102
0.314492
0.488359
-1.600848
-0.759331
0.021292
0.628983
0.628983
0.314492
0.314492
0.547832
-1.495772
0.314492
-0.209035
-0.092818
-0.024933
-1.114548
-0.098742
-0.049866
0.314492
-1.086158
0.246414
2.343023
-0.703782
1.202592
0.187243
0.896362
0.314492
0.314492
1.935634
0.767058
1.176672
0.314492
2.800198
1.086158
1.022800
-1.620463
-0.602421
0.314492
0.314492
1.638247
2.531624
1.942552
2.616015
0.725750
2.616391
1.867864
-0.530870
2.779947
1.336698
0.362875
1.381148
0.362875
0.342858
0.362875
0.725750
1.671013
0.362875
0.362875
1.643299
0.362875
1.671013
1.381148
-4.483430
0.770184
0.362875
1.019878
0.362875
-0.007406
0.362875
0.362875
-0.225042
0.992164
0.362875
0.362875
2.908559
0.944745
0.362875
0.362875
0.362875
0.362875
-0.501304
-0.691002
0.362875
0.469135
2.377984
0.362875
2.006980
0.362875
1.963138
0.362875
0.351528
0.362875
0.362875
1.762810
0.362875
1.148176
0.949518
0.362875
-0.731403
3.235393
-0.767221
0.949518
-0.462386
0.362875
1.494290
-3.430817
-0.428852
-0.428852
-0.857704
-1.286557
-4.717374
-2.101175
-0.212812
-0.740563
-0.428852
-2.838823
-0.428852
-0.428852
-1.049130
-5.751046
1.853262
-1.247585
-0.428852
-0.428852
-0.428852
-0.857704
-0.428852
-0.799134
-0.428852
-1.932309
-0.428852
-0.766338
-0.428852
-0.833991
-1.536553
-0.428852
-0.428852
-0.428852
-0.547372
-0.428852
-0.857704
-0.428852
-2.712762
-0.428852
-1.049130
-0.822847
-0.428852
-1.444049
-2.626737
-0.428852
7.949393
-0.428852
-0.881418
-0.428852
-1.141375
-0.428852
0.139554
-1.570917
0.311710
-5.097576
-0.428852
-1.275413
-0.428852
-0.428852
0.249997
-0.428852
-0.428852
-0.428852
-0.428852
-0.428852
-0.881418
0.987417
-0.428852
0.249997
-0.428852
-6.655909
-1.572458
-1.572458
-4.804243
-1.572458
-5.081865
-2.242482
-3.144916
-3.144916
-1.572458
-1.572458
6.964555
-1.572458
-1.572458
-4.377059
-3.065926
-0.987417
-1.572458
-1.572458
-1.572458
-1.572458
-1.810264
-1.572458
-1.572458
-0.339424
-1.572458
-1.572458
-1.572458
-1.572458
-1.063321
-1.572458
-1.572458
-2.477590
-2.375971
-4.943657
-1.179344
-2.811253
-1.586653
-1.179344
-2.375971
-1.179344
-1.179344
-1.179344
-1.179344
4.717374
0.676494
1.572458
1.463085
1.942739
7.218010
1.572458
1.673179
1.727979
0.617135
1.572458
1.635295
1.572458
1.572458
1.572458
1.572458
4.627278
1.727979
1.572458
1.572458
0.280592
5.763333
1.572458
1.572458
1.572458
3.319119
1.572458
1.572458
4.274387
0.943475
2.889767
4.320657
0.943475
0.943475
2.010217
0.943475
0.943475
0.536165
1.687037
3.880544
1.444408
0.943475
1.961748
0.943475
0.943475
0.943475
0.943475
-0.559198
0.943475
1.184900
0.943475
0.205345
3.692114
0.597473
2.358687
1.179344
1.179344
0.436403
-0.339424
1.179344
1.179344
1.179344
1.179344
-1.555916
0.726778
1.179344
2.779487
-0.334058
1.179344
1.179344
1.179344
-0.339424
4.717374
7.261511
2.358687
1.047693
0.046345
0.678849
3.256325
2.358687
3.473939
6.609113
1.267185
2.759574
1.572458
0.524153
0.524153
0.524153
3.624021
0.116843
1.768709
0.524153
0.524153
1.131415
1.048305
0.524153
0.524153
0.524153
0.524153
0.524153
0.524153
0.524153
0.071587
3.257139
1.810264
0.524153
-0.154696
0.524153
0.524153
-0.172769
1.542426
0.524153
-0.833545
0.524153
0.780885
2.948359
1.018273
1.506118
0.058803
1.179344
-0.583935
0.589672
0.589672
0.589672
-0.949255
0.589672
3.207821
0.589672
4.971780
5.647380
1.753413
0.589672
-0.453226
0.589672
2.045451
0.589672
2.358687
2.445192
0.589672
0.589672
0.589672
2.851166
2.652739
0.589672
0.589672
1.785381
0.589672
0.589672
-1.331986
0.589672
0.815955
1.179344
2.948359
0.339424
1.179344
-0.490028
0.589672
0.589672
0.589672
0.589672
0.589672
1.179344
-3.563957
0.589672
0.589672
0.589672
0.589672
0.275834
0.857704
0.857704
0.857704
0.857704
-0.074056
0.857704
0.428852
0.428852
0.428852
0.857704
-1.502106
1.209869
0.777591
0.428852
-1.066742
0.428852
0.143998
0.428852
0.931052
0.428852
0.428852
1.049130
0.428852
0.237422
0.428852
-0.653754
0.428852
0.428852
0.428852
0.021543
-0.492443
0.428852
0.428852
-0.153018
0.428852
1.333126
0.428852
-1.378846
0.428852
0.428852
0.428852
-0.987417
0.428852
0.428852
0.022932
0.857704
-0.345383
0.803921
0.410267
1.244867
2.036547
1.572458
1.572458
4.038418
2.387077
0.950389
1.572458
1.572458
1.572458
0.555214
3.144916
0.786229
5.094886
0.786229
0.786229
0.786229
-0.678849
-3.151400
0.786229
-0.135770
0.786229
1.572458
0.786229
-0.786229
0.362053
-1.310382
-2.688075
-0.596564
-3.020732
-0.786229
-1.244556
-0.611896
-0.596564
-0.262076
-0.262076
-0.262076
0.113141
-3.361543
0.197878
-1.425817
-0.262076
-0.262076
-6.143208
0.178354
-1.189133
-2.413473
-0.262076
-0.262076
-0.262076
-0.262076
-3.841049
-0.262076
-0.843947
-0.262076
-0.262076
-2.670139
-0.920883
-0.262076
-0.262076
-0.262076
-0.262076
-0.262076
-0.262076
-0.262076
1.138329
-0.262076
-0.262076
-3.632561
-5.524940
-3.421354
-1.602625
-0.943475
-0.943475
-0.214963
-0.943475
-0.943475
-0.943475
-0.950455
-2.950352
-0.943475
-0.943475
-1.396041
-0.943475
-1.411949
-0.224637
-0.898547
-2.031608
-1.600144
0.426705
-0.449274
-0.224637
-0.224637
-1.467547
-0.449274
-4.267051
-1.354406
-0.224637
-0.579974
-3.723914
-1.312666
-3.211111
-0.224637
-0.224637
-0.224637
-0.224637
-0.224637
-0.224637
-0.449274
-1.480068
-0.224637
-0.224637
-0.224637
0.001646
-0.224637
-0.224637
0.039128
-2.258663
-1.551655
-3.924742
-0.449274
-1.172735
-0.990964
-0.224637
-2.868581
-0.224637
-0.224637
-0.224637
-0.224637
-0.224637
-3.373873
-1.389555
0.423355
-0.224637
-0.449274
-1.325943
-0.224637
-1.551655
0.784821
-0.224637
-0.224637
-0.224637
-0.224637
-2.940033
-0.224637
-0.224637
-0.224637
-2.021811
-0.224637
-0.224637
-0.677203
-1.164582
-0.224637
-0.224637
-0.224637
0.284500
2.034221
-0.224637
-0.371048
-0.224637
-1.886950
-2.830424
-0.943475
-0.878277
-0.901625
0.656638
-0.943475
-0.943475
-1.382998
-0.943475
-0.135770
-2.830424
-0.943475
-0.943475
-0.943475
-0.943475
-1.629238
1.804443
-0.943475
-0.943475
-2.172317
-0.943475
-0.943475
-0.943475
-0.943475
-0.943475
-0.943475
-1.493468
-4.717374
-1.572458
-2.251307
-2.046949
-1.572458
-2.443856
-1.572458
-0.786229
-0.786229
-0.786229
-0.786229
-0.786229
-0.786229
-0.786229
-0.786229
-1.793844
-1.493468
-1.572458
-2.081595
-1.572458
-1.572458
-1.572458
-1.572458
-1.572458
-1.572458
-1.572458
-1.572458
-2.172317
-1.844871
-2.708225
-2.081595
-10.230579
-5.136415
-1.572458
-1.572458
-1.572458
-2.907945
-0.717729
-0.857704
0.074056
0.097722
-2.573113
-0.857704
-0.428852
-0.857704
-0.057777
-1.715409
-0.428852
-2.276047
-0.836162
-0.428852
-0.857704
-0.428852
-1.715409
-0.428852
-2.144261
2.422313
-0.428852
-1.786550
-0.428852
-0.428852
-0.428852
-0.428852
-0.030857
0.743705
-0.740563
-3.627106
-2.167831
-0.428852
-0.202569
-0.836162
-0.428852
-1.460966
-0.428852
-0.428852
-0.428852
-0.683596
-0.428852
-0.428852
-0.881418
-1.108007
-0.428852
-0.428852
-2.144261
-1.680097
-0.428852
-0.428852
-0.428852
-1.049130
-0.428852
-0.836162
-3.836533
1.169228
-0.428852
-2.240537
-2.016117
1.607695
-0.857704
-0.428852
-0.428852
-1.786550
-0.428852
-0.428852
-0.428852
-0.428852
-0.428852
0.023714
-0.428852
-0.428852
-0.952152
0.080285
-0.428852
-0.428852
-0.552222
-0.428852
-0.857704
-0.428852
-0.428852
0.647992
-0.428852
-1.362746
-0.428852
-1.357698
-2.151024
-0.786229
-0.786229
-4.344633
-3.144916
0.497578
-0.786229
-3.476670
-0.786229
-0.786229
-0.786229
-0.786229
-0.786229
-0.786229
-2.036547
-2.358687
-1.572458
-0.786229
-2.737556
-0.786229
0.135770
-0.786229
-0.786229
-0.786229
-0.786229
-0.786229
-0.810239
-1.998015
2.098879
-0.786229
1.357698
-1.506853
-3.801554
-0.786229
-0.855940
-0.786229
-0.786229
-0.786229
-0.204358
-0.786229
-0.969784
-0.786229
-0.786229
-1.684776
-0.091742
-0.336955
-0.336955
-0.336955
-0.336955
-2.036547
-1.944507
-1.355229
-0.336955
-0.336955
-1.460935
-1.500696
-0.661217
-1.732219
-0.336955
1.148139
-1.105554
-0.336955
0.727338
4.597017
-1.212428
-1.886950
-7.759076
-2.172317
-1.161728
-1.679856
-0.943475
-0.128856
-1.267185
-3.237067
-2.315676
-1.886950
-3.056710
-0.943475
-0.943475
-0.943475
0.526011
-1.128615
-1.886950
-2.699041
-0.943475
-1.485382
-0.717192
-2.054319
1.099449
-0.776801
-3.144916
-1.572458
-1.572458
-1.572458
-3.352618
-2.710557
-2.172317
-1.572458
-2.172317
-1.572458
-3.669419
0.565707
-0.524153
-2.096611
-1.572458
-1.048305
-1.330036
-1.572458
0.392381
-1.263065
-1.742134
-0.976719
-0.524153
-1.048305
-1.048305
-0.524153
-0.524153
0.606621
-1.923405
-0.524153
-1.470839
-0.524153
-1.572458
-0.394246
-2.986935
-1.572458
-0.524153
-1.048305
-1.048305
-0.524153
-0.297870
-0.524153
-0.524153
-0.524153
-0.524153
-0.863577
-1.048305
-2.073987
-0.209416
-1.274588
-4.178126
-1.440599
-0.524153
-0.524153
-0.524153
-0.524153
-0.976719
0.129305
0.905132
-0.709293
0.154696
-0.524153
-0.524153
-4.597246
-0.524153
0.833545
-1.092595
-0.524153
-1.512394
1.448286
-0.723521
0.839280
-2.551627
0.853779
-0.620450
-0.992077
-0.806748
-2.039444
-0.518418
-0.970984
-0.205103
-0.205103
-0.205103
-0.287388
-0.205103
-0.205103
-0.410206
-0.205103
-0.205103
-0.855940
-1.210122
-0.205103
-3.976186
-1.224825
-0.086215
-0.547372
-0.205103
1.492019
-0.276705
0.247463
-3.153287
-0.205103
-1.368844
-0.205103
-0.584400
-0.205103
-0.205103
0.162333
-0.205103
-4.491091
-1.374669
-4.717374
-4.717374
-0.943475
-0.943475
-2.814138
-0.868676
-1.886950
-0.943475
-0.943475
-0.943475
-0.943475
-0.943475
-0.943475
-0.943475
-0.943475
-0.943475
-2.396086
-0.000000
-0.943475
0.943475
-0.220266
0.943475
0.361604
1.396489
-2.648953
0.362053
1.961748
0.943475
0.943475
2.549829
0.943475
6.920509
0.604050
-0.543079
1.493468
2.724132
0.943475
0.943475
2.197617
2.730998
1.179344
2.537041
0.261389
1.196628
0.138855
0.589672
1.694098
0.589672
0.589672
2.399936
1.293578
1.404291
0.589672
0.589672
0.589672
0.589672
1.098808
0.589672
0.589672
-1.120101
1.062235
0.589672
0.589672
0.589672
0.589672
-0.768026
0.589672
1.404291
0.589672
-0.000000
0.589672
0.589672
0.589672
0.276357
0.471737
0.943475
0.471737
0.471737
0.908613
0.471737
0.471737
0.471737
1.053608
2.507733
0.471737
0.814619
0.943475
0.471737
0.471737
0.471737
0.135770
0.943475
0.232748
0.943475
0.943475
0.943475
0.943475
0.943475
0.943475
-0.015517
4.059929
0.943475
1.396786
1.184900
0.943475
0.943475
0.943475
0.943475
-0.445080
0.943475
0.943475
0.726306
-0.000000
0.943475
2.255426
1.525345
0.135770
0.604050
0.943475
0.091905
0.471737
1.323755
0.444338
0.943475
1.806562
0.471737
0.943475
2.704781
0.471737
-1.960515
0.471737
0.471737
0.814619
0.192883
0.471737
-0.524201
0.471737
0.037028
0.943475
0.846860
3.314416
0.471737
0.661878
0.471737
0.471737
0.471737
-0.546536
0.471737
0.471737
0.471737
-1.296034
3.594443
1.425583
0.471737
0.943475
1.886950
0.943475
1.350784
3.998295
0.943475
0.943475
0.943475
10.017914
3.324589
2.339516
0.943475
0.943475
0.135770
0.943475
0.664213
0.943475
0.135770
2.301173
1.169758
0.943475
1.452612
0.943475
0.943475
5.386850
0.589672
0.294836
0.294836
1.179344
0.860977
0.056571
0.294836
0.876706
0.294836
0.294836
0.589672
0.294836
0.294836
0.294836
1.620908
1.268521
0.294836
0.294836
1.026929
0.294836
0.294836
0.294836
0.294836
0.294836
0.294836
0.294836
-1.872023
-0.050914
0.294836
0.294836
0.294836
-1.771314
0.589672
0.589672
0.294836
0.294836
-0.327302
0.744376
-0.112473
-0.519783
0.294836
-0.723438
0.083247
0.943475
0.335486
0.604050
0.471737
-2.839680
0.471737
0.471737
1.286356
-0.026718
0.471737
0.471737
0.471737
0.471737
1.425583
-1.509856
1.396489
0.471737
0.471737
0.980874
0.471737
2.282001
0.471737
0.552572
0.471737
0.471737
0.471737
0.777591
1.452612
0.167492
0.471737
1.150586
0.471737
0.471737
0.471737
0.471737
0.471737
0.093994
0.471737
0.471737
0.471737
-1.572458
-1.572458
-1.572458
-1.572458
-1.885773
-3.382722
-7.218010
-1.572458
-1.572458
0.186758
-0.339424
-2.251307
-1.572458
-1.572458
-1.572458
-1.572458
-1.572458
-3.085677
-0.285734
-1.238149
-1.306742
-1.572458
-1.572458
-2.695642
-2.021732
-2.021732
-2.965603
-0.673911
-1.347821
-0.673911
-2.021732
-0.673911
-0.673911
-1.392081
-0.419294
-1.255781
-1.396489
-1.347821
-3.932386
-0.673911
-0.673911
-0.673911
-0.454966
-0.673911
-0.673911
-0.673911
-3.182664
-3.385157
-2.021732
-3.117767
-0.673911
-1.034437
-1.444290
-1.347821
-0.673911
-0.673911
-0.673911
-0.673911
-0.859051
-0.673911
-0.673911
-0.673911
-0.952152
-0.673911
-2.048376
-2.778218
-0.524153
-0.121221
-0.524153
-0.524153
-2.620763
-1.048305
-1.106023
-0.524153
-1.131415
-0.524153
-3.918397
-0.524153
-0.524153
-0.524153
-0.524153
-0.524153
-2.358687
-1.631909
-1.179344
-2.358687
-1.179344
-1.179344
-1.179344
-1.179344
-1.179344
-0.500495
-4.751943
-2.830424
-1.886950
-0.943475
-0.943475
-0.943475
-0.943475
-2.301173
-0.943475
-0.943475
-0.135770
-0.943475
-0.943475
-0.264626
-1.886950
-0.943475
-0.943475
-3.665696
-0.943475
-0.943475
-1.493468
-0.943475
-0.943475
-0.943475
-0.943475
-0.943475
-0.943475
-0.943475
-2.172317
-0.444338
-0.786229
-1.572458
-0.559300
-1.572458
-0.786229
-0.786229
-0.786229
-0.786229
-1.642762
-3.451024
-0.559946
-0.786229
-0.786229
-0.786229
-0.786229
-0.786229
-1.493468
-1.357698
-1.572458
-0.786229
-2.358687
-0.786229
-1.572458
-0.786229
-0.786229
-0.786229
-1.572458
-0.786229
-1.572458
-0.786229
-0.757839
-1.572458
-1.572458
-0.786229
-0.786229
-0.786229
-0.786229
-0.786229
-0.786229
-2.358687
-0.786229
-0.339424
-1.572458
-1.238795
-0.786229
-1.049130
-1.260393
-0.786229
-1.493468
-1.182642
-0.786229
-0.786229
-1.286120
-0.550692
-0.786229
-0.786229
-0.786229
-0.786229
-1.572458
-0.786229
-0.786229
-0.786229
-0.786229
-0.786229
-0.786229
-0.786229
-0.786229
-0.786229
-0.786229
-3.899302
-0.786229
-0.786229
-0.879418
-0.996059
-0.589672
-0.589672
-0.589672
-0.589672
-0.589672
-0.589672
-0.589672
0.169712
-0.589672
0.348067
0.653549
-1.761214
-1.179344
-1.179344
-1.179344
-1.179344
-0.092298
0.571469
-1.688480
-1.179344
-1.179344
-1.347821
-0.673911
-0.673911
-0.673911
-0.952152
-0.673911
-2.422822
-0.647368
-1.600144
-0.956764
-0.673911
-0.673911
-0.673911
0.619135
0.683787
-0.673911
-4.717374
-1.572458
-4.717374
-1.572458
-1.572458
-1.572458
-1.572458
-1.572458
-1.572458
-3.144916
-1.572458
-1.572458
-1.572458
-1.572458
-1.572458
-1.572458
-1.572458
-1.572458
-1.572458
-1.572458
-1.572458
-1.572458
-1.572458
-1.572458
-1.956930
-1.572458
-1.572458
-1.886950
-9.243034
-1.886950
-1.452612
-0.943475
-0.943475
-0.943475
-0.943475
-0.943475
-0.943475
-0.943475
-1.524271
-4.717374
-1.396041
-1.886950
-0.943475
-0.943475
-1.452612
-2.866880
-0.943475
-2.470885
-1.756369
-0.943475
-0.943475
-0.943475
-0.943475
-0.943475
-0.943475
-0.943475
-1.350784
-3.019186
1.179344
2.772160
1.697122
2.358687
2.197617
1.179344
1.179344
2.670644
1.179344
-0.301525
3.654053
5.125936
1.572458
1.572458
3.609005
1.572458
5.735648
1.572458
3.144916
1.572458
1.572458
1.572458
0.987417
1.572458
1.572458
1.971030
0.786229
0.786229
0.786229
3.173306
1.295366
1.600848
0.786229
1.018273
-0.230807
0.786229
0.786229
1.572458
1.572458
0.857704
0.857704
0.857704
1.941692
0.857704
-0.277711
0.428852
0.857704
0.428852
0.428852
1.286557
-0.080285
-0.792046
2.797273
0.089428
0.428852
2.763537
0.428852
0.428852
0.079346
0.428852
0.428852
0.428852
0.428852
1.107701
0.428852
0.428852
0.428852
0.428852
0.428852
0.428852
0.428852
0.428852
0.709706
1.447126
2.068669
0.428852
7.728447
0.428852
-0.080285
0.428852
1.858192
1.179344
2.358687
1.993962
2.343085
1.697122
1.993962
1.179344
1.179344
1.179344
0.113141
1.179344
1.179344
1.688480
1.179344
1.179344
1.179344
1.179344
1.179344
1.179344
1.179344
3.039218
-4.717374
-2.358687
-2.537041
-2.471829
-1.179344
1.364079
-1.179344
-1.179344
-1.179344
-1.844527
-1.179344
-1.179344
-2.358687
-3.511403
-0.851233
-1.179344
-1.179344
-1.179344
-1.179344
-1.179344
-1.179344
-2.053452
-1.179344
-1.347821
-2.695642
-0.673911
-0.673911
-2.710457
-0.447628
-0.673911
-3.369553
-1.574104
-2.021732
-2.303148
-0.673911
-0.092040
-1.347821
-0.673911
-0.673911
-0.673911
-0.673911
-1.037445
-0.471737
-0.471737
-0.471737
-0.943475
-0.924303
-0.471737
-0.471737
-0.471737
-0.471737
-0.471737
-0.471737
-0.471737
-0.245454
-0.471737
-0.471737
-0.471737
-0.471737
-3.297266
-2.940558
-2.121974
-0.786229
-0.786229
-0.786229
-0.786229
-0.786229
-0.786229
-0.786229
-0.786229
-0.786229
-0.786229
-1.904888
-0.917565
-1.088625
0.391644
-0.743912
-0.725750
-0.725750
-0.362875
-0.362875
-0.765881
-0.725750
-1.671013
-0.362875
-0.362875
-0.362875
-2.468542
-2.979180
-0.857704
-2.644254
-1.286557
-0.428852
-0.428852
-0.428852
-0.428852
-0.428852
-0.428852
-1.715409
-0.428852
-0.428852
-0.428852
-0.428852
-1.110844
-4.049827
-0.428852
0.249997
-0.202569
-1.727979
-0.857704
-1.121542
-1.107701
-1.010723
0.928846
-0.428852
-2.565799
-1.886950
-0.943475
-0.943475
-1.525345
-0.943475
1.572458
1.572458
2.154329
1.572458
0.678849
1.572458
2.375971
2.081595
2.081595
3.541120
1.572458
1.119892
1.572458
1.572458
1.572458
1.572458
8.146188
4.073094
2.036547
3.238067
2.036547
2.036547
2.036547
2.036547
2.036547
2.036547
0.673911
0.673911
0.673911
1.692184
1.347821
0.673911
0.164774
-2.036233
0.673911
0.673911
1.336077
0.673911
0.673911
0.673911
0.673911
2.031608
1.586653
1.965573
0.786229
1.513007
0.022833
0.786229
-0.244592
0.393115
0.393115
0.393115
0.393115
0.393115
0.393115
0.763396
-0.113141
0.393115
3.134620
0.786229
2.822776
0.079800
0.393115
0.786229
0.393115
0.393115
0.393115
2.197617
1.549625
0.589672
1.607945
6.753921
1.993962
3.920666
1.631909
1.179344
1.179344
1.179344
1.865994
1.179344
1.261423
0.589672
0.589672
0.589672
0.589672
-4.717374
-1.572458
-1.572458
-1.572458
-1.551655
-0.204358
-0.786229
-0.786229
-0.786229
-1.099544
-0.786229
-0.725750
-4.717374
-0.725750
-0.725750
-0.725750
-0.725750
-0.725750
-0.362875
-0.362875
-0.362875
-0.362875
-0.362875
-0.362875
-0.362875
-0.362875
-0.362875
-0.362875
1.855920
1.044383
-0.362875
-2.030560
-0.524153
-0.524153
-0.524153
-0.524153
-1.203002
-0.524153
-0.524153
0.290466
-0.976719
-0.524153
-0.524153
0.339837
-0.524153
-1.338771
-1.338771
-2.096611
-1.048305
-0.524153
-1.048305
-0.524153
-1.048305
-0.640996
-1.048305
-2.315490
-1.048305
-1.106023
-6.081955
-1.048305
-0.905132
0.736567
-0.524153
-0.524153
-0.524153
-1.048305
-0.524153
-4.717374
-2.830424
-6.348590
-3.385606
-1.886950
-3.408440
-0.000000
-1.154043
-1.886950
-0.943475
-0.943475
-0.943475
-0.943475
-0.943475
-0.943475
-0.943475
-0.943475
-1.684776
-4.784269
-0.673911
-1.347821
-0.336955
0.140708
-1.086383
-0.336955
-0.336955
-0.336955
-1.151574
-1.500696
-0.650270
-0.673911
-1.010866
-0.673911
-0.336955
-0.336955
-0.336955
-0.336955
0.341894
-0.336955
-0.336955
-1.455615
-3.144916
-4.717374
-2.620763
-2.715396
-1.572458
-1.572458
-2.662147
-0.524153
-2.396955
-0.524153
-0.524153
-0.524153
-0.524153
-0.524153
0.565707
-0.524153
-0.976719
-0.524153
-0.524153
-0.524153
-0.524153
-0.524153
-0.524153
-0.524153
-0.524153
-0.524153
-0.524153
-0.524153
2.358687
1.179344
1.179344
1.179344
0.364725
1.179344
2.358687
2.930128
2.947440
4.529427
2.851166
2.358687
1.498812
2.851166
3.149734
5.987698
0.943475
0.490909
2.308086
-2.050742
0.845680
0.393115
0.393115
0.393115
0.393115
0.011105
0.393115
0.393115
0.393115
2.992488
0.294373
-0.693044
0.614829
1.071963
0.393115
0.393115
0.786229
0.204358
0.393115
0.393115
0.393115
0.393115
0.393115
0.393115
0.393115
0.393115
0.393115
0.393115
0.786229
1.750812
0.393115
0.393115
0.393115
0.393115
2.710457
1.044192
3.006131
2.830424
0.943475
0.943475
0.943475
0.943475
0.943475
0.943475
0.943475
0.943475
1.282899
-0.380979
2.553296
-0.456520
-0.152173
-0.674628
-0.674628
-0.522455
-0.501671
-0.152173
-0.152173
-0.152173
-0.152173
0.356963
-0.152173
-2.215402
-0.857704
-0.857704
-1.286557
-0.857704
-0.336019
-0.428852
-3.848000
0.280016
-0.428852
-0.428852
-0.243712
-0.857704
-1.286557
-0.428852
-0.428852
-0.428852
-0.428852
-1.107701
-0.428852
-0.428852
-0.428852
-1.010723
-0.428852
-0.428852
-0.428852
-2.489349
-0.428852
-0.428852
-0.428852
-0.428852
-0.857704
0.634827
-0.428852
-0.428852
-0.428852
-2.135525
-2.368421
-1.899692
-1.715409
3.239103
-0.857704
-0.428852
-0.822847
-0.428852
-0.428852
-0.428852
-0.428852
-0.428852
-0.428852
-0.822847
-0.428852
-0.428852
-1.616838
-0.768277
-0.428852
-2.733682
-0.010698
-0.428852
-0.428852
-1.286557
-1.439575
-0.428852
0.490379
-0.428852
-0.857704
-1.715409
-0.428852
-0.428852
-2.397400
0.306037
-0.428852
-0.428852
-1.786550
0.249997
-1.447126
-2.193859
-0.428852
-0.524153
-1.017449
-1.048305
-0.524153
-0.931462
-0.524153
-0.524153
-0.524153
-0.524153
-0.524153
-0.524153
-1.316143
-1.106023
-0.524153
-0.524153
-5.703270
-1.048305
-0.931462
-0.524153
-0.524153
-0.524153
-1.033289
-0.524153
-1.338771
-0.524153
0.494121
-0.524153
-2.830424
-3.773899
-1.886950
-1.886950
-1.886950
-1.886950
-0.943475
-0.943475
-0.943475
-0.943475
-0.943475
-0.943475
-0.943475
-0.943475
-0.943475
-0.943475
-1.396041
-0.943475
-0.943475
-0.943475
-0.943475
-0.943475
-0.943475
-0.943475
-0.943475
-0.525586
-0.786229
-1.600848
-0.786229
-0.786229
-0.786229
-0.786229
-0.786229
-3.144916
-0.786229
-0.786229
-0.858641
-0.786229
-0.786229
-0.786229
-0.786229
-0.786229
-0.786229
-0.786229
-1.572458
-0.786229
-0.204358
-2.341452
-0.786229
-0.786229
-0.786229
-1.368100
-0.786229
1.179344
0.670207
1.179344
0.534437
1.179344
1.179344
1.179344
1.179344
2.537041
0.597473
6.037962
1.886950
0.630160
1.622324
3.584072
0.943475
1.886950
1.961748
1.886950
1.493468
0.943475
0.943475
0.943475
0.943475
0.943475
0.943475
1.128615
4.507432
0.943475
0.943475
0.943475
0.857704
0.428852
0.428852
1.010723
0.428852
0.428852
0.428852
0.428852
0.428852
0.428852
0.428852
0.428852
0.428852
0.428852
0.428852
0.428852
0.428852
0.428852
-0.431023
0.405138
0.937989
0.428852
0.428852
0.428852
0.428852
0.428852
0.428852
0.428852
0.021543
0.428852
0.428852
-0.153018
0.881418
0.428852
0.428852
0.428852
0.428852
1.572458
1.572458
1.572458
1.572458
1.572458
1.572458
1.572458
2.345115
-0.593393
1.572458
1.572458
1.572458
4.174712
1.572458
1.165149
1.572458
3.763289
1.572458
1.572458
1.572458
1.572458
-1.549625
-0.393115
-0.393115
-1.426287
-0.393115
-0.393115
-0.393115
-6.333043
-1.071963
-0.393115
0.475194
-2.375971
-0.393115
0.285734
-0.393115
-0.393115
0.339424
-0.786229
-0.393115
-0.786229
-0.786229
-0.786229
-0.393115
-0.393115
-0.393115
-0.800424
-4.717374
-2.358687
-2.358687
-3.538031
-1.179344
-1.179344
-1.179344
-1.179344
-2.537041
-4.717374
-1.286557
-0.428852
-0.428852
-0.428852
-0.428852
-0.428852
-1.286557
-0.881418
-0.857704
-0.428852
-0.428852
-0.428852
-0.428852
0.589421
-0.428852
-0.428852
-0.428852
-0.428852
-0.428852
-0.428852
-0.672564
-0.428852
-0.428852
-0.428852
-0.428852
-0.428852
-0.428852
-0.428852
-0.836162
-0.428852
-0.428852
-0.428852
-0.428852
-0.428852
-0.428852
-0.428852
-0.428852
-0.428852
-0.428852
-0.428852
-0.428852
-0.428852
-0.428852
-0.428852
2.358687
2.358687
2.358687
0.461367
0.943475
0.943475
1.490011
0.943475
1.179344
1.582860
1.179344
1.179344
1.179344
1.179344
1.179344
1.179344
1.179344
1.179344
1.179344
0.786229
0.786229
0.786229
1.572458
0.786229
0.786229
0.786229
0.786229
0.786229
0.786229
0.786229
0.960790
0.786229
0.786229
0.786229
0.786229
0.786229
0.786229
0.786229
0.786229
0.786229
0.786229
1.804502
0.786229
0.786229
3.744775
0.786229
1.179344
1.179344
0.726778
1.364484
1.179344
